sample_id	time	replicate	genotype	mean_fluorescence	normalized_substraction_mean_fluorescence
1	1	1	WTC11	7036.638	0
2	2	1	WTC11	7004.717	-31.921
3	3	1	WTC11	7014.37	-22.268
4	4	1	WTC11	7013.933	-22.705
5	5	1	WTC11	7007.494	-29.144
6	6	1	WTC11	6936.161	-100.477
7	7	1	WTC11	6995.174	-41.464
8	8	1	WTC11	6949.025	-87.613
9	9	1	WTC11	6981.729	-54.909
10	10	1	WTC11	6925.226	-111.412
11	11	1	WTC11	6919.828	-116.81
12	12	1	WTC11	6909.96	-126.678
13	13	1	WTC11	6872.631	-164.007
14	14	1	WTC11	6903.644	-132.994
15	15	1	WTC11	6939.055	-97.583
16	16	1	WTC11	6938.803	-97.835
17	17	1	WTC11	6918.93	-117.708
18	18	1	WTC11	6895.611	-141.027
19	19	1	WTC11	6928.792	-107.846
20	20	1	WTC11	6905.757	-130.881
21	21	1	WTC11	6916.033	-120.605
22	22	1	WTC11	6856.529	-180.109
23	23	1	WTC11	6838.833	-197.805
24	24	1	WTC11	6907.815	-128.823
25	25	1	WTC11	6876.722	-159.916
26	26	1	WTC11	6845.788	-190.85
27	27	1	WTC11	6922.657	-113.981
28	28	1	WTC11	6868.922	-167.716
29	29	1	WTC11	6803.047	-233.591
30	30	1	WTC11	6929.529	-107.109
31	31	1	WTC11	6886.712	-149.926
32	32	1	WTC11	6939.352	-97.286
33	33	1	WTC11	6885.601	-151.037
34	34	1	WTC11	6872.264	-164.374
35	35	1	WTC11	6816.296	-220.342
36	36	1	WTC11	6815.808	-220.83
37	37	1	WTC11	6978.605	-58.033
38	38	1	WTC11	6990.92	-45.718
39	39	1	WTC11	6910.122	-126.516
40	40	1	WTC11	6922.844	-113.794
41	41	1	WTC11	6842.267	-194.371
42	42	1	WTC11	6932.499	-104.139
43	43	1	WTC11	6800.562	-236.076
44	44	1	WTC11	6803.382	-233.256
45	45	1	WTC11	6949.189	-87.449
46	46	1	WTC11	6962.844	-73.794
47	47	1	WTC11	6910.008	-126.63
48	48	1	WTC11	6906.148	-130.49
49	49	1	WTC11	6879.17	-157.468
50	50	1	WTC11	6951.884	-84.754
51	51	1	WTC11	6916.937	-119.701
52	52	1	WTC11	6991.185	-45.453
53	53	1	WTC11	6921.804	-114.834
54	54	1	WTC11	6989.091	-47.547
55	55	1	WTC11	6914.381	-122.257
56	56	1	WTC11	6897.97	-138.668
57	57	1	WTC11	6954.958	-81.68
58	58	1	WTC11	6852.862	-183.776
59	59	1	WTC11	6838.119	-198.519
60	60	1	WTC11	6831.402	-205.236
61	61	1	WTC11	6991.376	-45.262
62	62	1	WTC11	6859.131	-177.507
63	63	1	WTC11	6935.45	-101.188
64	64	1	WTC11	6973.853	-62.785
65	65	1	WTC11	6979.882	-56.756
66	66	1	WTC11	6963.966	-72.672
67	67	1	WTC11	6862.712	-173.926
68	68	1	WTC11	6991.427	-45.211
69	69	1	WTC11	6926.641	-109.997
70	70	1	WTC11	6905.599	-131.039
71	71	1	WTC11	6991.211	-45.427
72	72	1	WTC11	6914.412	-122.226
73	73	1	WTC11	6846.682	-189.956
74	74	1	WTC11	6847.861	-188.777
75	75	1	WTC11	6858.625	-178.013
76	76	1	WTC11	6896.902	-139.736
77	77	1	WTC11	6878.228	-158.41
78	78	1	WTC11	7038.771	2.133
79	79	1	WTC11	6960.68	-75.958
80	80	1	WTC11	7009.748	-26.89
81	81	1	WTC11	7013.725	-22.913
82	82	1	WTC11	6974.203	-62.435
83	83	1	WTC11	6894.483	-142.155
84	84	1	WTC11	6909.598	-127.04
85	85	1	WTC11	6888.546	-148.092
86	86	1	WTC11	6891.36	-145.278
87	87	1	WTC11	7032.8	-3.838
88	88	1	WTC11	6992.486	-44.152
89	89	1	WTC11	6993.006	-43.632
90	90	1	WTC11	7008.867	-27.771
91	91	1	WTC11	6961.857	-74.781
92	92	1	WTC11	6897.75	-138.888
93	93	1	WTC11	6894.559	-142.079
94	94	1	WTC11	6905.538	-131.1
95	95	1	WTC11	6873.805	-162.833
96	96	1	WTC11	6885.691	-150.947
97	97	1	WTC11	6898.985	-137.653
98	98	1	WTC11	6886.422	-150.216
99	99	1	WTC11	6876.986	-159.652
100	100	1	WTC11	7007.063	-29.575
101	101	1	WTC11	6993.3	-43.338
102	102	1	WTC11	6929.317	-107.321
103	103	1	WTC11	6935.152	-101.486
104	104	1	WTC11	6949.085	-87.553
105	105	1	WTC11	6951.194	-85.444
106	106	1	WTC11	6953.119	-83.519
107	107	1	WTC11	7019.141	-17.497
108	108	1	WTC11	6976.496	-60.142
109	109	1	WTC11	6952.051	-84.587
110	110	1	WTC11	6946.255	-90.383
111	111	1	WTC11	6936.32	-100.318
112	112	1	WTC11	6940.539	-96.099
113	113	1	WTC11	7047.258	10.62
114	114	1	WTC11	7030.643	-5.995
115	115	1	WTC11	7011.533	-25.105
116	116	1	WTC11	7014.026	-22.612
117	117	1	WTC11	6992.969	-43.669
118	118	1	WTC11	6971.889	-64.749
119	119	1	WTC11	6939.698	-96.94
120	120	1	WTC11	6928.233	-108.405
121	121	1	WTC11	6957.874	-78.764
122	122	1	WTC11	6961.496	-75.142
123	123	1	WTC11	6942.869	-93.769
124	124	1	WTC11	6939.926	-96.712
125	125	1	WTC11	6936.049	-100.589
126	126	1	WTC11	6922.863	-113.775
127	127	1	WTC11	6926.5	-110.138
128	128	1	WTC11	6928.949	-107.689
129	129	1	WTC11	6927.187	-109.451
130	130	1	WTC11	6973.343	-63.295
131	131	1	WTC11	6943.225	-93.413
132	132	1	WTC11	6982.765	-53.873
133	133	1	WTC11	6976.746	-59.892
134	134	1	WTC11	6968.373	-68.265
135	135	1	WTC11	6983.885	-52.753
136	136	1	WTC11	6965.764	-70.874
137	137	1	WTC11	6967.309	-69.329
138	138	1	WTC11	6944.963	-91.675
139	139	1	WTC11	6975.712	-60.926
140	140	1	WTC11	6949.393	-87.245
141	141	1	WTC11	6954.765	-81.873
142	142	1	WTC11	6956.148	-80.49
143	143	1	WTC11	6939.044	-97.594
144	144	1	WTC11	6969.569	-67.069
145	145	1	WTC11	6958.864	-77.774
146	146	1	WTC11	6951.648	-84.99
147	147	1	WTC11	6971.733	-64.905
148	148	1	WTC11	6961.832	-74.806
149	149	1	WTC11	6972.629	-64.009
150	150	1	WTC11	6972.251	-64.387
151	151	1	WTC11	7023.196	-13.442
152	152	1	WTC11	7002.55	-34.088
153	153	1	WTC11	7008.786	-27.852
154	154	1	WTC11	6993.438	-43.2
155	155	1	WTC11	6990.453	-46.185
156	156	1	WTC11	6996.798	-39.84
157	157	1	WTC11	7106.34	69.702
158	158	1	WTC11	7070.635	33.997
159	159	1	WTC11	7072.851	36.213
160	160	1	WTC11	7075.41	38.772
161	161	1	WTC11	7097.312	60.674
162	162	1	WTC11	6999.396	-37.242
163	163	1	WTC11	6996.771	-39.867
164	164	1	WTC11	6978.561	-58.077
165	165	1	WTC11	6987.185	-49.453
166	166	1	WTC11	6998.96	-37.678
167	167	1	WTC11	6995.299	-41.339
168	168	1	WTC11	6948.952	-87.686
169	169	1	WTC11	6967.795	-68.843
170	170	1	WTC11	6957.954	-78.684
171	171	1	WTC11	6973.259	-63.379
172	172	1	WTC11	6971.984	-64.654
173	173	1	WTC11	7093.452	56.814
174	174	1	WTC11	7046.173	9.535
175	175	1	WTC11	7019.156	-17.482
176	176	1	WTC11	7005.107	-31.531
177	177	1	WTC11	6998.294	-38.344
178	178	1	WTC11	6997.484	-39.154
179	179	1	WTC11	6995.393	-41.245
180	180	1	WTC11	6961.176	-75.462
181	181	1	WTC11	6970.644	-65.994
182	182	1	WTC11	6986.188	-50.45
183	183	1	WTC11	6963.486	-73.152
184	184	1	WTC11	6956.308	-80.33
185	185	1	WTC11	6943.506	-93.132
186	186	1	WTC11	6961.657	-74.981
187	187	1	WTC11	6952.779	-83.859
188	188	1	WTC11	6960.94	-75.698
189	189	1	WTC11	6978.728	-57.91
190	190	1	WTC11	6964.286	-72.352
191	191	1	WTC11	6985.089	-51.549
192	192	1	WTC11	7075.051	38.413
193	193	1	WTC11	7059.681	23.043
194	194	1	WTC11	7068.16	31.522
195	195	1	WTC11	7063.038	26.4
196	196	1	WTC11	7092.66	56.022
197	197	1	WTC11	7100.438	63.8
198	198	1	WTC11	7094.612	57.974
199	199	1	WTC11	7107.431	70.793
200	200	1	WTC11	7106.109	69.471
201	201	1	WTC11	7122.257	85.619
202	202	1	WTC11	7088.876	52.238
203	203	1	WTC11	7103.537	66.899
204	204	1	WTC11	7104.408	67.77
205	205	1	WTC11	7102.185	65.547
206	206	1	WTC11	7138.14	101.502
207	207	1	WTC11	7108.913	72.275
208	208	1	WTC11	7142.658	106.02
209	209	1	WTC11	7110.094	73.456
210	210	1	WTC11	7100.719	64.081
211	211	1	WTC11	7108.936	72.298
212	212	1	WTC11	7063.146	26.508
213	213	1	WTC11	7147.867	111.229
214	214	1	WTC11	7131.87	95.232
215	215	1	WTC11	7141.005	104.367
216	216	1	WTC11	7141.292	104.654
217	217	1	WTC11	7135.34	98.702
218	218	1	WTC11	7167.598	130.96
219	219	1	WTC11	7143.128	106.49
220	220	1	WTC11	7167.014	130.376
221	221	1	WTC11	7126.481	89.843
222	222	1	WTC11	7112.423	75.785
223	223	1	WTC11	7096.726	60.088
224	224	1	WTC11	7115.161	78.523
225	225	1	WTC11	7094.961	58.323
226	226	1	WTC11	7100.794	64.156
227	227	1	WTC11	7098.655	62.017
228	228	1	WTC11	7075.96	39.322
229	229	1	WTC11	7081.886	45.248
230	1	2	WTC11	6749.061	0
231	2	2	WTC11	6743.946	-5.115
232	3	2	WTC11	6756.841	7.78
233	4	2	WTC11	6743.565	-5.496
234	5	2	WTC11	6766.794	17.733
235	6	2	WTC11	6717.628	-31.433
236	7	2	WTC11	6755.34	6.279
237	8	2	WTC11	6730.893	-18.168
238	9	2	WTC11	6748.641	-0.42
239	10	2	WTC11	6724.051	-25.01
240	11	2	WTC11	6728.516	-20.545
241	12	2	WTC11	6731.116	-17.945
242	13	2	WTC11	6696.383	-52.678
243	14	2	WTC11	6708.925	-40.136
244	15	2	WTC11	6703.74	-45.321
245	16	2	WTC11	6713.74	-35.321
246	17	2	WTC11	6694.74	-54.321
247	18	2	WTC11	6721.879	-27.182
248	19	2	WTC11	6751.952	2.891
249	20	2	WTC11	6733.847	-15.214
250	21	2	WTC11	6718.997	-30.064
251	22	2	WTC11	6679.298	-69.763
252	23	2	WTC11	6660.6	-88.461
253	24	2	WTC11	6725.99	-23.071
254	25	2	WTC11	6711.403	-37.658
255	26	2	WTC11	6667.361	-81.7
256	27	2	WTC11	6742.802	-6.259
257	28	2	WTC11	6691.385	-57.676
258	29	2	WTC11	6632.946	-116.115
259	30	2	WTC11	6738.625	-10.436
260	31	2	WTC11	6704.468	-44.593
261	32	2	WTC11	6740.242	-8.819
262	33	2	WTC11	6717.257	-31.804
263	34	2	WTC11	6712.365	-36.696
264	35	2	WTC11	6658.81	-90.251
265	36	2	WTC11	6662.725	-86.336
266	37	2	WTC11	6777.405	28.344
267	38	2	WTC11	6788.134	39.073
268	39	2	WTC11	6728.038	-21.023
269	40	2	WTC11	6741.451	-7.61
270	41	2	WTC11	6680.903	-68.158
271	42	2	WTC11	6728.653	-20.408
272	43	2	WTC11	6637.774	-111.287
273	44	2	WTC11	6637.343	-111.718
274	45	2	WTC11	6753.029	3.968
275	46	2	WTC11	6778.663	29.602
276	47	2	WTC11	6728.728	-20.333
277	48	2	WTC11	6713.205	-35.856
278	49	2	WTC11	6720.305	-28.756
279	50	2	WTC11	6777.531	28.47
280	51	2	WTC11	6756.815	7.754
281	52	2	WTC11	6799.683	50.622
282	53	2	WTC11	6750.033	0.972
283	54	2	WTC11	6796.055	46.994
284	55	2	WTC11	6756.272	7.211
285	56	2	WTC11	6742.987	-6.074
286	57	2	WTC11	6795.533	46.472
287	58	2	WTC11	6706.247	-42.814
288	59	2	WTC11	6711.422	-37.639
289	60	2	WTC11	6708.195	-40.866
290	61	2	WTC11	6814.369	65.308
291	62	2	WTC11	6735.355	-13.706
292	63	2	WTC11	6793.832	44.771
293	64	2	WTC11	6813.712	64.651
294	65	2	WTC11	6819.479	70.418
295	66	2	WTC11	6817.569	68.508
296	67	2	WTC11	6742.587	-6.474
297	68	2	WTC11	6843.823	94.762
298	69	2	WTC11	6785.749	36.688
299	70	2	WTC11	6773.954	24.893
300	71	2	WTC11	6831.064	82.003
301	72	2	WTC11	6776.278	27.217
302	73	2	WTC11	6722.179	-26.882
303	74	2	WTC11	6730.195	-18.866
304	75	2	WTC11	6737.345	-11.716
305	76	2	WTC11	6738.253	-10.808
306	77	2	WTC11	6749.463	0.402
307	78	2	WTC11	6855.094	106.033
308	79	2	WTC11	6820.523	71.462
309	80	2	WTC11	6870.977	121.916
310	81	2	WTC11	6859.234	110.173
311	82	2	WTC11	6847.193	98.132
312	83	2	WTC11	6788.136	39.075
313	84	2	WTC11	6787.068	38.007
314	85	2	WTC11	6784.342	35.281
315	86	2	WTC11	6786.087	37.026
316	87	2	WTC11	6886.786	137.725
317	88	2	WTC11	6854.496	105.435
318	89	2	WTC11	6856.999	107.938
319	90	2	WTC11	6880.521	131.46
320	91	2	WTC11	6842.198	93.137
321	92	2	WTC11	6791.383	42.322
322	93	2	WTC11	6793.007	43.946
323	94	2	WTC11	6798.999	49.938
324	95	2	WTC11	6772.66	23.599
325	96	2	WTC11	6789.486	40.425
326	97	2	WTC11	6795.287	46.226
327	98	2	WTC11	6777.882	28.821
328	99	2	WTC11	6771.638	22.577
329	100	2	WTC11	6870.291	121.23
330	101	2	WTC11	6864.643	115.582
331	102	2	WTC11	6842.93	93.869
332	103	2	WTC11	6844.455	95.394
333	104	2	WTC11	6834.383	85.322
334	105	2	WTC11	6847.879	98.818
335	106	2	WTC11	6847.577	98.516
336	107	2	WTC11	6899.953	150.892
337	108	2	WTC11	6863.886	114.825
338	109	2	WTC11	6853.327	104.266
339	110	2	WTC11	6832.629	83.568
340	111	2	WTC11	6817.255	68.194
341	112	2	WTC11	6827.433	78.372
342	113	2	WTC11	6915.174	166.113
343	114	2	WTC11	6885.221	136.16
344	115	2	WTC11	6885.399	136.338
345	116	2	WTC11	6888.086	139.025
346	117	2	WTC11	6879.832	130.771
347	118	2	WTC11	6865.416	116.355
348	119	2	WTC11	6833.173	84.112
349	120	2	WTC11	6837.311	88.25
350	121	2	WTC11	6864.994	115.933
351	122	2	WTC11	6856.479	107.418
352	123	2	WTC11	6836.841	87.78
353	124	2	WTC11	6837.693	88.632
354	125	2	WTC11	6823.431	74.37
355	126	2	WTC11	6820.287	71.226
356	127	2	WTC11	6820.663	71.602
357	128	2	WTC11	6830.949	81.888
358	129	2	WTC11	6827.342	78.281
359	130	2	WTC11	6816.106	67.045
360	131	2	WTC11	6825.748	76.687
361	132	2	WTC11	6850.693	101.632
362	133	2	WTC11	6853.747	104.686
363	134	2	WTC11	6849.479	100.418
364	135	2	WTC11	6867.299	118.238
365	136	2	WTC11	6840.516	91.455
366	137	2	WTC11	6846.24	97.179
367	138	2	WTC11	6846.953	97.892
368	139	2	WTC11	6847.302	98.241
369	140	2	WTC11	6835.085	86.024
370	141	2	WTC11	6840.697	91.636
371	142	2	WTC11	6846.533	97.472
372	143	2	WTC11	6829.762	80.701
373	144	2	WTC11	6846.843	97.782
374	145	2	WTC11	6834.604	85.543
375	146	2	WTC11	6837.539	88.478
376	147	2	WTC11	6847.181	98.12
377	148	2	WTC11	6850.974	101.913
378	149	2	WTC11	6849.194	100.133
379	150	2	WTC11	6851.386	102.325
380	151	2	WTC11	6888.176	139.115
381	152	2	WTC11	6867.699	118.638
382	153	2	WTC11	6886.584	137.523
383	154	2	WTC11	6872.988	123.927
384	155	2	WTC11	6856.424	107.363
385	156	2	WTC11	6848.815	99.754
386	157	2	WTC11	6939.72	190.659
387	158	2	WTC11	6914.543	165.482
388	159	2	WTC11	6933.093	184.032
389	160	2	WTC11	6930.259	181.198
390	161	2	WTC11	6938.747	189.686
391	162	2	WTC11	6878.009	128.948
392	163	2	WTC11	6879.347	130.286
393	164	2	WTC11	6852.727	103.666
394	165	2	WTC11	6869.596	120.535
395	166	2	WTC11	6881.887	132.826
396	167	2	WTC11	6907.375	158.314
397	168	2	WTC11	6857.064	108.003
398	169	2	WTC11	6858.145	109.084
399	170	2	WTC11	6839.167	90.106
400	171	2	WTC11	6857.125	108.064
401	172	2	WTC11	6861.332	112.271
402	173	2	WTC11	6933.53	184.469
403	174	2	WTC11	6932.934	183.873
404	175	2	WTC11	6921.218	172.157
405	176	2	WTC11	6906.872	157.811
406	177	2	WTC11	6849.192	100.131
407	178	2	WTC11	6879.366	130.305
408	179	2	WTC11	6911.773	162.712
409	180	2	WTC11	6862.901	113.84
410	181	2	WTC11	6847.177	98.116
411	182	2	WTC11	6865.272	116.211
412	183	2	WTC11	6861.168	112.107
413	184	2	WTC11	6882.031	132.97
414	185	2	WTC11	6865.791	116.73
415	186	2	WTC11	6838.183	89.122
416	187	2	WTC11	6838.277	89.216
417	188	2	WTC11	6850.189	101.128
418	189	2	WTC11	6861.508	112.447
419	190	2	WTC11	6847.547	98.486
420	191	2	WTC11	6880.62	131.559
421	192	2	WTC11	6930.557	181.496
422	193	2	WTC11	6906.29	157.229
423	194	2	WTC11	6923.099	174.038
424	195	2	WTC11	6914.829	165.768
425	196	2	WTC11	6962.616	213.555
426	197	2	WTC11	6941.059	191.998
427	198	2	WTC11	6937.96	188.899
428	199	2	WTC11	6959.351	210.29
429	200	2	WTC11	6964.987	215.926
430	201	2	WTC11	6990.564	241.503
431	202	2	WTC11	6969.5	220.439
432	203	2	WTC11	6986.027	236.966
433	204	2	WTC11	6987.551	238.49
434	205	2	WTC11	6941.46	192.399
435	206	2	WTC11	6973.334	224.273
436	207	2	WTC11	6960.389	211.328
437	208	2	WTC11	6969.358	220.297
438	209	2	WTC11	6966.056	216.995
439	210	2	WTC11	7010.384	261.323
440	211	2	WTC11	6980.592	231.531
441	212	2	WTC11	6927.57	178.509
442	213	2	WTC11	6987.996	238.935
443	214	2	WTC11	7022.804	273.743
444	215	2	WTC11	7038.88	289.819
445	216	2	WTC11	6989.998	240.937
446	217	2	WTC11	6997.618	248.557
447	218	2	WTC11	7033.411	284.35
448	219	2	WTC11	7000.367	251.306
449	220	2	WTC11	6842.122	93.061
450	221	2	WTC11	6826.697	77.636
451	222	2	WTC11	6789.254	40.193
452	223	2	WTC11	6808.478	59.417
453	224	2	WTC11	6786.923	37.862
454	225	2	WTC11	6816.832	67.771
455	226	2	WTC11	6808.497	59.436
456	227	2	WTC11	6937.302	188.241
457	228	2	WTC11	6785.646	36.585
458	229	2	WTC11	6905.138	156.077
459	1	3	WTC11	7480.081	0
460	2	3	WTC11	7437.884	-42.197
461	3	3	WTC11	7436.853	-43.228
462	4	3	WTC11	7420.671	-59.41
463	5	3	WTC11	7428.958	-51.123
464	6	3	WTC11	7346.333	-133.748
465	7	3	WTC11	7423.903	-56.178
466	8	3	WTC11	7347.922	-132.159
467	9	3	WTC11	7358.947	-121.134
468	10	3	WTC11	7349.8	-130.281
469	11	3	WTC11	7311.182	-168.899
470	12	3	WTC11	7321.176	-158.905
471	13	3	WTC11	7247.435	-232.646
472	14	3	WTC11	7293.668	-186.413
473	15	3	WTC11	7330.14	-149.941
474	16	3	WTC11	7353.668	-126.413
475	17	3	WTC11	7334.048	-146.033
476	18	3	WTC11	7320.402	-159.679
477	19	3	WTC11	7367.814	-112.267
478	20	3	WTC11	7346.468	-133.613
479	21	3	WTC11	7357.898	-122.183
480	22	3	WTC11	7311.74	-168.341
481	23	3	WTC11	7272.581	-207.5
482	24	3	WTC11	7405.973	-74.108
483	25	3	WTC11	7360.517	-119.564
484	26	3	WTC11	7336.798	-143.283
485	27	3	WTC11	7410.492	-69.589
486	28	3	WTC11	7355.821	-124.26
487	29	3	WTC11	7283.186	-196.895
488	30	3	WTC11	7397.194	-82.887
489	31	3	WTC11	7368.17	-111.911
490	32	3	WTC11	7415.967	-64.114
491	33	3	WTC11	7340.492	-139.589
492	34	3	WTC11	7315.159	-164.922
493	35	3	WTC11	7243.769	-236.312
494	36	3	WTC11	7239.803	-240.278
495	37	3	WTC11	7435.081	-45
496	38	3	WTC11	7458.024	-22.057
497	39	3	WTC11	7409.773	-70.308
498	40	3	WTC11	7430.778	-49.303
499	41	3	WTC11	7313.124	-166.957
500	42	3	WTC11	7412.329	-67.752
501	43	3	WTC11	7285.439	-194.642
502	44	3	WTC11	7273.354	-206.727
503	45	3	WTC11	7396.309	-83.772
504	46	3	WTC11	7438.792	-41.289
505	47	3	WTC11	7365.958	-114.123
506	48	3	WTC11	7327.322	-152.759
507	49	3	WTC11	7306.297	-173.784
508	50	3	WTC11	7401.047	-79.034
509	51	3	WTC11	7358.999	-121.082
510	52	3	WTC11	7441.756	-38.325
511	53	3	WTC11	7378.742	-101.339
512	54	3	WTC11	7447.921	-32.16
513	55	3	WTC11	7367.413	-112.668
514	56	3	WTC11	7325.155	-154.926
515	57	3	WTC11	7440.635	-39.446
516	58	3	WTC11	7334.805	-145.276
517	59	3	WTC11	7314.991	-165.09
518	60	3	WTC11	7326.116	-153.965
519	61	3	WTC11	7455.612	-24.469
520	62	3	WTC11	7322.474	-157.607
521	63	3	WTC11	7390.465	-89.616
522	64	3	WTC11	7417.056	-63.025
523	65	3	WTC11	7368.627	-111.454
524	66	3	WTC11	7304.472	-175.609
525	67	3	WTC11	7217.967	-262.114
526	68	3	WTC11	7407.466	-72.615
527	69	3	WTC11	7300.634	-179.447
528	70	3	WTC11	7317.875	-162.206
529	71	3	WTC11	7375.984	-104.097
530	72	3	WTC11	7295.78	-184.301
531	73	3	WTC11	7238.861	-241.22
532	74	3	WTC11	7254.38	-225.701
533	75	3	WTC11	7270.692	-209.389
534	76	3	WTC11	7348.903	-131.178
535	77	3	WTC11	7412.172	-67.909
536	78	3	WTC11	7468.279	-11.802
537	79	3	WTC11	7423.053	-57.028
538	80	3	WTC11	7478.416	-1.665
539	81	3	WTC11	7457.646	-22.435
540	82	3	WTC11	7406.704	-73.377
541	83	3	WTC11	7309.864	-170.217
542	84	3	WTC11	7311.289	-168.792
543	85	3	WTC11	7279.227	-200.854
544	86	3	WTC11	7339.324	-140.757
545	87	3	WTC11	7532.477	52.396
546	88	3	WTC11	7554.749	74.668
547	89	3	WTC11	7498.739	18.658
548	90	3	WTC11	7553.878	73.797
549	91	3	WTC11	7474.428	-5.653
550	92	3	WTC11	7370.367	-109.714
551	93	3	WTC11	7463.717	-16.364
552	94	3	WTC11	7479.182	-0.899
553	95	3	WTC11	7424.515	-55.566
554	96	3	WTC11	7456.681	-23.4
555	97	3	WTC11	7468.947	-11.134
556	98	3	WTC11	7516.255	36.174
557	99	3	WTC11	7456.692	-23.389
558	100	3	WTC11	7586.723	106.642
559	101	3	WTC11	7512.668	32.587
560	102	3	WTC11	7424.731	-55.35
561	103	3	WTC11	7403.935	-76.146
562	104	3	WTC11	7391.853	-88.228
563	105	3	WTC11	7382.857	-97.224
564	106	3	WTC11	7367.014	-113.067
565	107	3	WTC11	7367.437	-112.644
566	108	3	WTC11	7322.967	-157.114
567	109	3	WTC11	7325.6	-154.481
568	110	3	WTC11	7287.727	-192.354
569	111	3	WTC11	7253.507	-226.574
570	112	3	WTC11	7243.27	-236.811
571	113	3	WTC11	7339.121	-140.96
572	114	3	WTC11	7290.944	-189.137
573	115	3	WTC11	7297.863	-182.218
574	116	3	WTC11	7299.184	-180.897
575	117	3	WTC11	7254.699	-225.382
576	118	3	WTC11	7239.42	-240.661
577	119	3	WTC11	7201.917	-278.164
578	120	3	WTC11	7206.736	-273.345
579	121	3	WTC11	7256.299	-223.782
580	122	3	WTC11	7236.688	-243.393
581	123	3	WTC11	7224.35	-255.731
582	124	3	WTC11	7212.41	-267.671
583	125	3	WTC11	7200.573	-279.508
584	126	3	WTC11	7174.234	-305.847
585	127	3	WTC11	7214.564	-265.517
586	128	3	WTC11	7225.401	-254.68
587	129	3	WTC11	7265.744	-214.337
588	130	3	WTC11	7244.801	-235.28
589	131	3	WTC11	7226.474	-253.607
590	132	3	WTC11	7276.162	-203.919
591	133	3	WTC11	7246.846	-233.235
592	134	3	WTC11	7246.462	-233.619
593	135	3	WTC11	7273.908	-206.173
594	136	3	WTC11	7241.718	-238.363
595	137	3	WTC11	7244.271	-235.81
596	138	3	WTC11	7215.107	-264.974
597	139	3	WTC11	7227.631	-252.45
598	140	3	WTC11	7208.208	-271.873
599	141	3	WTC11	7213.727	-266.354
600	142	3	WTC11	7207.178	-272.903
601	143	3	WTC11	7190.503	-289.578
602	144	3	WTC11	7207.824	-272.257
603	145	3	WTC11	7194.418	-285.663
604	146	3	WTC11	7222.084	-257.997
605	147	3	WTC11	7230.494	-249.587
606	148	3	WTC11	7243.45	-236.631
607	149	3	WTC11	7217.522	-262.559
608	150	3	WTC11	7240.313	-239.768
609	151	3	WTC11	7258.724	-221.357
610	152	3	WTC11	7248.712	-231.369
611	153	3	WTC11	7272.173	-207.908
612	154	3	WTC11	7246.232	-233.849
613	155	3	WTC11	7237.919	-242.162
614	156	3	WTC11	7234.427	-245.654
615	157	3	WTC11	7351.018	-129.063
616	158	3	WTC11	7327.708	-152.373
617	159	3	WTC11	7327.09	-152.991
618	160	3	WTC11	7326.992	-153.089
619	161	3	WTC11	7352.628	-127.453
620	162	3	WTC11	7261.206	-218.875
621	163	3	WTC11	7267.824	-212.257
622	164	3	WTC11	7238.482	-241.599
623	165	3	WTC11	7232.419	-247.662
624	166	3	WTC11	7228.571	-251.51
625	167	3	WTC11	7253.462	-226.619
626	168	3	WTC11	7238.297	-241.784
627	169	3	WTC11	7234.196	-245.885
628	170	3	WTC11	7228.161	-251.92
629	171	3	WTC11	7234.192	-245.889
630	172	3	WTC11	7235.925	-244.156
631	173	3	WTC11	7357.756	-122.325
632	174	3	WTC11	7302.878	-177.203
633	175	3	WTC11	7254.37	-225.711
634	176	3	WTC11	7249.811	-230.27
635	177	3	WTC11	7246.065	-234.016
636	178	3	WTC11	7213.436	-266.645
637	179	3	WTC11	7241.417	-238.664
638	180	3	WTC11	7187.01	-293.071
639	181	3	WTC11	7171.172	-308.909
640	182	3	WTC11	7209.037	-271.044
641	183	3	WTC11	7165.442	-314.639
642	184	3	WTC11	7183.63	-296.451
643	185	3	WTC11	7217.251	-262.83
644	186	3	WTC11	7215.381	-264.7
645	187	3	WTC11	7162.139	-317.942
646	188	3	WTC11	7200.245	-279.836
647	189	3	WTC11	7237.558	-242.523
648	190	3	WTC11	7219.532	-260.549
649	191	3	WTC11	7253.817	-226.264
650	192	3	WTC11	7357.912	-122.169
651	193	3	WTC11	7324.001	-156.08
652	194	3	WTC11	7343.855	-136.226
653	195	3	WTC11	7355.967	-124.114
654	196	3	WTC11	7368.221	-111.86
655	197	3	WTC11	7365.41	-114.671
656	198	3	WTC11	7369.441	-110.64
657	199	3	WTC11	7355.213	-124.868
658	200	3	WTC11	7364.286	-115.795
659	201	3	WTC11	7368.847	-111.234
660	202	3	WTC11	7362.697	-117.384
661	203	3	WTC11	7349.335	-130.746
662	204	3	WTC11	7364.596	-115.485
663	205	3	WTC11	7363.536	-116.545
664	206	3	WTC11	7400.237	-79.844
665	207	3	WTC11	7392.098	-87.983
666	208	3	WTC11	7391.191	-88.89
667	209	3	WTC11	7397.35	-82.731
668	210	3	WTC11	7402.17	-77.911
669	211	3	WTC11	7376.561	-103.52
670	212	3	WTC11	7373.69	-106.391
671	213	3	WTC11	7432.181	-47.9
672	214	3	WTC11	7433.789	-46.292
673	215	3	WTC11	7409.521	-70.56
674	216	3	WTC11	7422.92	-57.161
675	217	3	WTC11	7442.067	-38.014
676	218	3	WTC11	7447.524	-32.557
677	219	3	WTC11	7441.971	-38.11
678	220	3	WTC11	7478.746	-1.335
679	221	3	WTC11	7418.814	-61.267
680	222	3	WTC11	7423.805	-56.276
681	223	3	WTC11	7416.666	-63.415
682	224	3	WTC11	7424.687	-55.394
683	225	3	WTC11	7471.768	-8.313
684	226	3	WTC11	7456.532	-23.549
685	227	3	WTC11	7449.33	-30.751
686	228	3	WTC11	7423.603	-56.478
687	229	3	WTC11	7429.12	-50.961
688	1	1	KMT2D5.6	5691.699	0
689	2	1	KMT2D5.6	5729.749	38.05
690	3	1	KMT2D5.6	5801.379	109.68
691	4	1	KMT2D5.6	5919.789	228.09
692	5	1	KMT2D5.6	6012.736	321.037
693	6	1	KMT2D5.6	6055.632	363.933
694	7	1	KMT2D5.6	6194.41	502.711
695	8	1	KMT2D5.6	6268.127	576.428
696	9	1	KMT2D5.6	6276.778	585.079
697	10	1	KMT2D5.6	6414.195	722.496
698	11	1	KMT2D5.6	6491.512	799.813
699	12	1	KMT2D5.6	6566.78	875.081
700	13	1	KMT2D5.6	6675.777	984.078
701	14	1	KMT2D5.6	6694.554	1002.855
702	15	1	KMT2D5.6	6842.952	1151.253
703	16	1	KMT2D5.6	6860.972	1169.273
704	17	1	KMT2D5.6	6990.709	1299.01
705	18	1	KMT2D5.6	7012.979	1321.28
706	19	1	KMT2D5.6	7117.431	1425.732
707	20	1	KMT2D5.6	7184.825	1493.126
708	21	1	KMT2D5.6	7133.06	1441.361
709	22	1	KMT2D5.6	7226.283	1534.584
710	23	1	KMT2D5.6	7277.313	1585.614
711	24	1	KMT2D5.6	7411.383	1719.684
712	25	1	KMT2D5.6	7411.009	1719.31
713	26	1	KMT2D5.6	7487.881	1796.182
714	27	1	KMT2D5.6	7385.62	1693.921
715	28	1	KMT2D5.6	7415.919	1724.22
716	29	1	KMT2D5.6	7592.008	1900.309
717	30	1	KMT2D5.6	7653.436	1961.737
718	31	1	KMT2D5.6	7809.323	2117.624
719	32	1	KMT2D5.6	7760.339	2068.64
720	33	1	KMT2D5.6	7772.682	2080.983
721	34	1	KMT2D5.6	7838.992	2147.293
722	35	1	KMT2D5.6	7842.018	2150.319
723	36	1	KMT2D5.6	7899.637	2207.938
724	37	1	KMT2D5.6	7957.925	2266.226
725	38	1	KMT2D5.6	7964.151	2272.452
726	39	1	KMT2D5.6	7917.359	2225.66
727	40	1	KMT2D5.6	7949.399	2257.7
728	41	1	KMT2D5.6	8152.977	2461.278
729	42	1	KMT2D5.6	8103.532	2411.833
730	43	1	KMT2D5.6	8108.678	2416.979
731	44	1	KMT2D5.6	8266.327	2574.628
732	45	1	KMT2D5.6	8337.011	2645.312
733	46	1	KMT2D5.6	8308.449	2616.75
734	47	1	KMT2D5.6	8373.662	2681.963
735	48	1	KMT2D5.6	8363.518	2671.819
736	49	1	KMT2D5.6	8523.4	2831.701
737	50	1	KMT2D5.6	8507.472	2815.773
738	51	1	KMT2D5.6	8589.768	2898.069
739	52	1	KMT2D5.6	8552.232	2860.533
740	53	1	KMT2D5.6	8538.34	2846.641
741	54	1	KMT2D5.6	8399.181	2707.482
742	55	1	KMT2D5.6	8513.924	2822.225
743	56	1	KMT2D5.6	8706.815	3015.116
744	57	1	KMT2D5.6	8671.1	2979.401
745	58	1	KMT2D5.6	8815.973	3124.274
746	59	1	KMT2D5.6	8840.725	3149.026
747	60	1	KMT2D5.6	9021.067	3329.368
748	61	1	KMT2D5.6	9093.745	3402.046
749	62	1	KMT2D5.6	9193.021	3501.322
750	63	1	KMT2D5.6	9191.888	3500.189
751	64	1	KMT2D5.6	9270.528	3578.829
752	65	1	KMT2D5.6	9458.758	3767.059
753	66	1	KMT2D5.6	9415.649	3723.95
754	67	1	KMT2D5.6	9492.45	3800.751
755	68	1	KMT2D5.6	9432.648	3740.949
756	69	1	KMT2D5.6	9531.782	3840.083
757	70	1	KMT2D5.6	9741.644	4049.945
758	71	1	KMT2D5.6	9681.224	3989.525
759	72	1	KMT2D5.6	9618.381	3926.682
760	73	1	KMT2D5.6	9652.566	3960.867
761	74	1	KMT2D5.6	9632.438	3940.739
762	75	1	KMT2D5.6	9611.417	3919.718
763	76	1	KMT2D5.6	9877.929	4186.23
764	77	1	KMT2D5.6	9873.203	4181.504
765	78	1	KMT2D5.6	9716.25	4024.551
766	79	1	KMT2D5.6	9932.394	4240.695
767	80	1	KMT2D5.6	9984.893	4293.194
768	81	1	KMT2D5.6	9841.488	4149.789
769	82	1	KMT2D5.6	10005.904	4314.205
770	83	1	KMT2D5.6	10005.478	4313.779
771	84	1	KMT2D5.6	10022.798	4331.099
772	85	1	KMT2D5.6	10088.185	4396.486
773	86	1	KMT2D5.6	10145.913	4454.214
774	87	1	KMT2D5.6	10146.678	4454.979
775	88	1	KMT2D5.6	10180.536	4488.837
776	89	1	KMT2D5.6	10025.805	4334.106
777	90	1	KMT2D5.6	10095.5	4403.801
778	91	1	KMT2D5.6	10237.456	4545.757
779	92	1	KMT2D5.6	10247.642	4555.943
780	93	1	KMT2D5.6	10470.627	4778.928
781	94	1	KMT2D5.6	10524.232	4832.533
782	95	1	KMT2D5.6	10626.994	4935.295
783	96	1	KMT2D5.6	10837.076	5145.377
784	97	1	KMT2D5.6	11085.26	5393.561
785	98	1	KMT2D5.6	11155.406	5463.707
786	99	1	KMT2D5.6	11524.83	5833.131
787	100	1	KMT2D5.6	11507.918	5816.219
788	101	1	KMT2D5.6	11960.709	6269.01
789	102	1	KMT2D5.6	12017.593	6325.894
790	103	1	KMT2D5.6	12204.263	6512.564
791	104	1	KMT2D5.6	12282.486	6590.787
792	105	1	KMT2D5.6	12371.277	6679.578
793	106	1	KMT2D5.6	12580.4	6888.701
794	107	1	KMT2D5.6	12578.433	6886.734
795	108	1	KMT2D5.6	12857	7165.301
796	109	1	KMT2D5.6	12935.694	7243.995
797	110	1	KMT2D5.6	13338.819	7647.12
798	111	1	KMT2D5.6	12909.05	7217.351
799	112	1	KMT2D5.6	13304.382	7612.683
800	113	1	KMT2D5.6	13454.41	7762.711
801	114	1	KMT2D5.6	13822.939	8131.24
802	115	1	KMT2D5.6	14198.71	8507.011
803	116	1	KMT2D5.6	14133.563	8441.864
804	117	1	KMT2D5.6	13734.543	8042.844
805	118	1	KMT2D5.6	13811.565	8119.866
806	119	1	KMT2D5.6	13669.963	7978.264
807	120	1	KMT2D5.6	13814.357	8122.658
808	121	1	KMT2D5.6	14015.568	8323.869
809	122	1	KMT2D5.6	14408.885	8717.186
810	123	1	KMT2D5.6	14567.268	8875.569
811	124	1	KMT2D5.6	14398.917	8707.218
812	125	1	KMT2D5.6	14605.875	8914.176
813	126	1	KMT2D5.6	14622.212	8930.513
814	127	1	KMT2D5.6	14710.648	9018.949
815	128	1	KMT2D5.6	14793.688	9101.989
816	129	1	KMT2D5.6	14914.679	9222.98
817	130	1	KMT2D5.6	15006.465	9314.766
818	131	1	KMT2D5.6	15032.682	9340.983
819	132	1	KMT2D5.6	15217.251	9525.552
820	133	1	KMT2D5.6	15249.341	9557.642
821	134	1	KMT2D5.6	15686.894	9995.195
822	135	1	KMT2D5.6	15389.749	9698.05
823	136	1	KMT2D5.6	15465.258	9773.559
824	137	1	KMT2D5.6	15497.234	9805.535
825	138	1	KMT2D5.6	15530.195	9838.496
826	139	1	KMT2D5.6	15876.732	10185.033
827	140	1	KMT2D5.6	16027.967	10336.268
828	141	1	KMT2D5.6	15845.088	10153.389
829	142	1	KMT2D5.6	16047.816	10356.117
830	143	1	KMT2D5.6	15853.772	10162.073
831	144	1	KMT2D5.6	15905.65	10213.951
832	145	1	KMT2D5.6	16110.348	10418.649
833	146	1	KMT2D5.6	16986.737	11295.038
834	147	1	KMT2D5.6	17081.869	11390.17
835	148	1	KMT2D5.6	17229.885	11538.186
836	149	1	KMT2D5.6	17020.299	11328.6
837	150	1	KMT2D5.6	17636.627	11944.928
838	151	1	KMT2D5.6	17165.105	11473.406
839	152	1	KMT2D5.6	16998.492	11306.793
840	153	1	KMT2D5.6	17371.214	11679.515
841	154	1	KMT2D5.6	17805.541	12113.842
842	155	1	KMT2D5.6	17797.002	12105.303
843	156	1	KMT2D5.6	17789.142	12097.443
844	157	1	KMT2D5.6	17631.564	11939.865
845	158	1	KMT2D5.6	17838.656	12146.957
846	159	1	KMT2D5.6	17850.88	12159.181
847	160	1	KMT2D5.6	17558.778	11867.079
848	161	1	KMT2D5.6	17696.979	12005.28
849	162	1	KMT2D5.6	17713.995	12022.296
850	163	1	KMT2D5.6	17862.117	12170.418
851	164	1	KMT2D5.6	18025.824	12334.125
852	165	1	KMT2D5.6	17965.37	12273.671
853	166	1	KMT2D5.6	18047.905	12356.206
854	167	1	KMT2D5.6	17692.339	12000.64
855	168	1	KMT2D5.6	17933.863	12242.164
856	169	1	KMT2D5.6	18189.86	12498.161
857	170	1	KMT2D5.6	17920.711	12229.012
858	171	1	KMT2D5.6	17872.369	12180.67
859	172	1	KMT2D5.6	18195.341	12503.642
860	173	1	KMT2D5.6	17993.904	12302.205
861	174	1	KMT2D5.6	18072.871	12381.172
862	175	1	KMT2D5.6	17677.336	11985.637
863	176	1	KMT2D5.6	17887.57	12195.871
864	177	1	KMT2D5.6	18207.566	12515.867
865	178	1	KMT2D5.6	18264.111	12572.412
866	179	1	KMT2D5.6	17866.854	12175.155
867	180	1	KMT2D5.6	17641.269	11949.57
868	181	1	KMT2D5.6	17635.262	11943.563
869	182	1	KMT2D5.6	17760.271	12068.572
870	183	1	KMT2D5.6	17844.469	12152.77
871	184	1	KMT2D5.6	17854.668	12162.969
872	185	1	KMT2D5.6	17826.306	12134.607
873	186	1	KMT2D5.6	17987.628	12295.929
874	187	1	KMT2D5.6	18006	12314.301
875	188	1	KMT2D5.6	17206.015	11514.316
876	189	1	KMT2D5.6	17720.446	12028.747
877	190	1	KMT2D5.6	18002.449	12310.75
878	191	1	KMT2D5.6	17996.34	12304.641
879	192	1	KMT2D5.6	17811.063	12119.364
880	193	1	KMT2D5.6	17495.375	11803.676
881	194	1	KMT2D5.6	17043.427	11351.728
882	195	1	KMT2D5.6	17330.393	11638.694
883	196	1	KMT2D5.6	17027.999	11336.3
884	197	1	KMT2D5.6	17467.217	11775.518
885	198	1	KMT2D5.6	17533.629	11841.93
886	199	1	KMT2D5.6	17166.507	11474.808
887	200	1	KMT2D5.6	17587.498	11895.799
888	201	1	KMT2D5.6	17394.167	11702.468
889	202	1	KMT2D5.6	17454.716	11763.017
890	203	1	KMT2D5.6	17186.737	11495.038
891	204	1	KMT2D5.6	17362.853	11671.154
892	205	1	KMT2D5.6	17382.729	11691.03
893	206	1	KMT2D5.6	17326.893	11635.194
894	207	1	KMT2D5.6	17388.211	11696.512
895	208	1	KMT2D5.6	17112.52	11420.821
896	209	1	KMT2D5.6	17027.668	11335.969
897	210	1	KMT2D5.6	17392.23	11700.531
898	211	1	KMT2D5.6	16857.712	11166.013
899	212	1	KMT2D5.6	16822.015	11130.316
900	213	1	KMT2D5.6	16901.345	11209.646
901	214	1	KMT2D5.6	17595.069	11903.37
902	215	1	KMT2D5.6	17399.755	11708.056
903	216	1	KMT2D5.6	17495.647	11803.948
904	217	1	KMT2D5.6	17523.526	11831.827
905	218	1	KMT2D5.6	17050.541	11358.842
906	219	1	KMT2D5.6	16685.713	10994.014
907	220	1	KMT2D5.6	16644.567	10952.868
908	221	1	KMT2D5.6	17137.177	11445.478
909	222	1	KMT2D5.6	17434.126	11742.427
910	223	1	KMT2D5.6	17623.227	11931.528
911	224	1	KMT2D5.6	17668.918	11977.219
912	225	1	KMT2D5.6	17568.455	11876.756
913	226	1	KMT2D5.6	17606.654	11914.955
914	227	1	KMT2D5.6	17486.537	11794.838
915	228	1	KMT2D5.6	17742.717	12051.018
916	229	1	KMT2D5.6	17655.62	11963.921
917	1	2	KMT2D5.6	6646.145	0
918	2	2	KMT2D5.6	6700.03	53.885
919	3	2	KMT2D5.6	6795.41	149.265
920	4	2	KMT2D5.6	6976.415	330.27
921	5	2	KMT2D5.6	7074.167	428.022
922	6	2	KMT2D5.6	7122.625	476.48
923	7	2	KMT2D5.6	7308.024	661.879
924	8	2	KMT2D5.6	7386.869	740.724
925	9	2	KMT2D5.6	7354.13	707.985
926	10	2	KMT2D5.6	7746.455	1100.31
927	11	2	KMT2D5.6	7941.589	1295.444
928	12	2	KMT2D5.6	7937.868	1291.723
929	13	2	KMT2D5.6	7917.941	1271.796
930	14	2	KMT2D5.6	7969.685	1323.54
931	15	2	KMT2D5.6	7895.496	1249.351
932	16	2	KMT2D5.6	7931.103	1284.958
933	17	2	KMT2D5.6	8088.612	1442.467
934	18	2	KMT2D5.6	8182.002	1535.857
935	19	2	KMT2D5.6	8277.96	1631.815
936	20	2	KMT2D5.6	8157.161	1511.016
937	21	2	KMT2D5.6	8236.29	1590.145
938	22	2	KMT2D5.6	8270.795	1624.65
939	23	2	KMT2D5.6	8268.187	1622.042
940	24	2	KMT2D5.6	8414.011	1767.866
941	25	2	KMT2D5.6	8650.224	2004.079
942	26	2	KMT2D5.6	8776.254	2130.109
943	27	2	KMT2D5.6	8878.889	2232.744
944	28	2	KMT2D5.6	8826.421	2180.276
945	29	2	KMT2D5.6	8874.994	2228.849
946	30	2	KMT2D5.6	9001.393	2355.248
947	31	2	KMT2D5.6	8822.598	2176.453
948	32	2	KMT2D5.6	8853.52	2207.375
949	33	2	KMT2D5.6	8774.5	2128.355
950	34	2	KMT2D5.6	8720.461	2074.316
951	35	2	KMT2D5.6	8536.02	1889.875
952	36	2	KMT2D5.6	8818.725	2172.58
953	37	2	KMT2D5.6	8604.882	1958.737
954	38	2	KMT2D5.6	8589.908	1943.763
955	39	2	KMT2D5.6	8712.855	2066.71
956	40	2	KMT2D5.6	8665.942	2019.797
957	41	2	KMT2D5.6	8849.324	2203.179
958	42	2	KMT2D5.6	8746.745	2100.6
959	43	2	KMT2D5.6	8714.414	2068.269
960	44	2	KMT2D5.6	8922.299	2276.154
961	45	2	KMT2D5.6	8811.977	2165.832
962	46	2	KMT2D5.6	8774.761	2128.616
963	47	2	KMT2D5.6	8800.322	2154.177
964	48	2	KMT2D5.6	8804.649	2158.504
965	49	2	KMT2D5.6	8854.426	2208.281
966	50	2	KMT2D5.6	8865.035	2218.89
967	51	2	KMT2D5.6	8900.044	2253.899
968	52	2	KMT2D5.6	8857.084	2210.939
969	53	2	KMT2D5.6	8928.871	2282.726
970	54	2	KMT2D5.6	8874.606	2228.461
971	55	2	KMT2D5.6	9008.101	2361.956
972	56	2	KMT2D5.6	9150.047	2503.902
973	57	2	KMT2D5.6	9141.976	2495.831
974	58	2	KMT2D5.6	9189.094	2542.949
975	59	2	KMT2D5.6	9281.085	2634.94
976	60	2	KMT2D5.6	9480.826	2834.681
977	61	2	KMT2D5.6	9340.068	2693.923
978	62	2	KMT2D5.6	9412.726	2766.581
979	63	2	KMT2D5.6	9452.959	2806.814
980	64	2	KMT2D5.6	9498.19	2852.045
981	65	2	KMT2D5.6	9359.762	2713.617
982	66	2	KMT2D5.6	9287.474	2641.329
983	67	2	KMT2D5.6	9464.006	2817.861
984	68	2	KMT2D5.6	9552.402	2906.257
985	69	2	KMT2D5.6	9639.228	2993.083
986	70	2	KMT2D5.6	9638.873	2992.728
987	71	2	KMT2D5.6	9616.258	2970.113
988	72	2	KMT2D5.6	9529.169	2883.024
989	73	2	KMT2D5.6	9509.56	2863.415
990	74	2	KMT2D5.6	9576.249	2930.104
991	75	2	KMT2D5.6	9604.606	2958.461
992	76	2	KMT2D5.6	9630.249	2984.104
993	77	2	KMT2D5.6	9789.233	3143.088
994	78	2	KMT2D5.6	9767.607	3121.462
995	79	2	KMT2D5.6	9644.169	2998.024
996	80	2	KMT2D5.6	9755.9	3109.755
997	81	2	KMT2D5.6	9774.503	3128.358
998	82	2	KMT2D5.6	10004.325	3358.18
999	83	2	KMT2D5.6	9964.144	3317.999
1000	84	2	KMT2D5.6	9999.915	3353.77
1001	85	2	KMT2D5.6	10159.714	3513.569
1002	86	2	KMT2D5.6	10245.866	3599.721
1003	87	2	KMT2D5.6	10363.124	3716.979
1004	88	2	KMT2D5.6	10403.994	3757.849
1005	89	2	KMT2D5.6	10556.942	3910.797
1006	90	2	KMT2D5.6	10625.248	3979.103
1007	91	2	KMT2D5.6	10688.614	4042.469
1008	92	2	KMT2D5.6	11092.06	4445.915
1009	93	2	KMT2D5.6	11140.551	4494.406
1010	94	2	KMT2D5.6	11227.319	4581.174
1011	95	2	KMT2D5.6	11399.331	4753.186
1012	96	2	KMT2D5.6	11527.696	4881.551
1013	97	2	KMT2D5.6	11648.543	5002.398
1014	98	2	KMT2D5.6	11655.949	5009.804
1015	99	2	KMT2D5.6	11920.363	5274.218
1016	100	2	KMT2D5.6	12056.127	5409.982
1017	101	2	KMT2D5.6	12045.117	5398.972
1018	102	2	KMT2D5.6	12153.781	5507.636
1019	103	2	KMT2D5.6	12134.364	5488.219
1020	104	2	KMT2D5.6	12329.526	5683.381
1021	105	2	KMT2D5.6	12332.23	5686.085
1022	106	2	KMT2D5.6	12370.921	5724.776
1023	107	2	KMT2D5.6	12323.097	5676.952
1024	108	2	KMT2D5.6	12480.246	5834.101
1025	109	2	KMT2D5.6	12613.301	5967.156
1026	110	2	KMT2D5.6	12670.687	6024.542
1027	111	2	KMT2D5.6	12769.144	6122.999
1028	112	2	KMT2D5.6	12997.221	6351.076
1029	113	2	KMT2D5.6	13047.594	6401.449
1030	114	2	KMT2D5.6	13064.615	6418.47
1031	115	2	KMT2D5.6	13196.321	6550.176
1032	116	2	KMT2D5.6	13318.709	6672.564
1033	117	2	KMT2D5.6	13234.663	6588.518
1034	118	2	KMT2D5.6	13247.714	6601.569
1035	119	2	KMT2D5.6	13362.953	6716.808
1036	120	2	KMT2D5.6	13034.685	6388.54
1037	121	2	KMT2D5.6	12808.644	6162.499
1038	122	2	KMT2D5.6	12725.355	6079.21
1039	123	2	KMT2D5.6	12577.558	5931.413
1040	124	2	KMT2D5.6	12815.521	6169.376
1041	125	2	KMT2D5.6	12931.374	6285.229
1042	126	2	KMT2D5.6	12667.702	6021.557
1043	127	2	KMT2D5.6	12842.908	6196.763
1044	128	2	KMT2D5.6	12835.101	6188.956
1045	129	2	KMT2D5.6	13038.07	6391.925
1046	130	2	KMT2D5.6	13165.62	6519.475
1047	131	2	KMT2D5.6	13066.105	6419.96
1048	132	2	KMT2D5.6	13161.86	6515.715
1049	133	2	KMT2D5.6	12964.988	6318.843
1050	134	2	KMT2D5.6	12912.593	6266.448
1051	135	2	KMT2D5.6	12974.735	6328.59
1052	136	2	KMT2D5.6	13065.625	6419.48
1053	137	2	KMT2D5.6	13023.916	6377.771
1054	138	2	KMT2D5.6	13068.312	6422.167
1055	139	2	KMT2D5.6	13192.265	6546.12
1056	140	2	KMT2D5.6	13370.316	6724.171
1057	141	2	KMT2D5.6	13371.892	6725.747
1058	142	2	KMT2D5.6	13168.781	6522.636
1059	143	2	KMT2D5.6	13116.938	6470.793
1060	144	2	KMT2D5.6	12910.158	6264.013
1061	145	2	KMT2D5.6	13045.212	6399.067
1062	146	2	KMT2D5.6	12822.573	6176.428
1063	147	2	KMT2D5.6	12590.304	5944.159
1064	148	2	KMT2D5.6	12873.808	6227.663
1065	149	2	KMT2D5.6	12856.661	6210.516
1066	150	2	KMT2D5.6	12849.18	6203.035
1067	151	2	KMT2D5.6	12959.105	6312.96
1068	152	2	KMT2D5.6	13127.837	6481.692
1069	153	2	KMT2D5.6	13271.093	6624.948
1070	154	2	KMT2D5.6	13303.483	6657.338
1071	155	2	KMT2D5.6	13572.392	6926.247
1072	156	2	KMT2D5.6	13603.266	6957.121
1073	157	2	KMT2D5.6	13534.333	6888.188
1074	158	2	KMT2D5.6	13491.056	6844.911
1075	159	2	KMT2D5.6	13152.946	6506.801
1076	160	2	KMT2D5.6	13150.38	6504.235
1077	161	2	KMT2D5.6	12990.794	6344.649
1078	162	2	KMT2D5.6	12875.36	6229.215
1079	163	2	KMT2D5.6	12843.624	6197.479
1080	164	2	KMT2D5.6	13006.86	6360.715
1081	165	2	KMT2D5.6	13296.623	6650.478
1082	166	2	KMT2D5.6	13309.474	6663.329
1083	167	2	KMT2D5.6	13090.719	6444.574
1084	168	2	KMT2D5.6	13016.865	6370.72
1085	169	2	KMT2D5.6	13085.683	6439.538
1086	170	2	KMT2D5.6	13075.248	6429.103
1087	171	2	KMT2D5.6	13003.817	6357.672
1088	172	2	KMT2D5.6	13062.474	6416.329
1089	173	2	KMT2D5.6	13038.051	6391.906
1090	174	2	KMT2D5.6	13076.374	6430.229
1091	175	2	KMT2D5.6	13099.715	6453.57
1092	176	2	KMT2D5.6	13271.932	6625.787
1093	177	2	KMT2D5.6	13104.32	6458.175
1094	178	2	KMT2D5.6	13010.322	6364.177
1095	179	2	KMT2D5.6	13149.937	6503.792
1096	180	2	KMT2D5.6	13192.487	6546.342
1097	181	2	KMT2D5.6	12975.178	6329.033
1098	182	2	KMT2D5.6	13001.133	6354.988
1099	183	2	KMT2D5.6	12986.291	6340.146
1100	184	2	KMT2D5.6	12910.423	6264.278
1101	185	2	KMT2D5.6	12827.068	6180.923
1102	186	2	KMT2D5.6	13032.462	6386.317
1103	187	2	KMT2D5.6	13077.939	6431.794
1104	188	2	KMT2D5.6	13350.535	6704.39
1105	189	2	KMT2D5.6	13571.649	6925.504
1106	190	2	KMT2D5.6	13788.255	7142.11
1107	191	2	KMT2D5.6	13981.019	7334.874
1108	192	2	KMT2D5.6	13657.471	7011.326
1109	193	2	KMT2D5.6	13646.623	7000.478
1110	194	2	KMT2D5.6	13830.692	7184.547
1111	195	2	KMT2D5.6	13711.286	7065.141
1112	196	2	KMT2D5.6	13610.862	6964.717
1113	197	2	KMT2D5.6	13667.573	7021.428
1114	198	2	KMT2D5.6	13605.593	6959.448
1115	199	2	KMT2D5.6	13586.644	6940.499
1116	200	2	KMT2D5.6	13851.879	7205.734
1117	201	2	KMT2D5.6	13818.688	7172.543
1118	202	2	KMT2D5.6	13746.861	7100.716
1119	203	2	KMT2D5.6	13704.944	7058.799
1120	204	2	KMT2D5.6	14355.282	7709.137
1121	205	2	KMT2D5.6	14594.633	7948.488
1122	206	2	KMT2D5.6	14195.503	7549.358
1123	207	2	KMT2D5.6	14299.532	7653.387
1124	208	2	KMT2D5.6	14447.723	7801.578
1125	209	2	KMT2D5.6	14373.357	7727.212
1126	210	2	KMT2D5.6	14337.813	7691.668
1127	211	2	KMT2D5.6	14034.461	7388.316
1128	212	2	KMT2D5.6	14107.522	7461.377
1129	213	2	KMT2D5.6	14303.673	7657.528
1130	214	2	KMT2D5.6	14050.5	7404.355
1131	215	2	KMT2D5.6	14334.257	7688.112
1132	216	2	KMT2D5.6	14254.154	7608.009
1133	217	2	KMT2D5.6	14147.639	7501.494
1134	218	2	KMT2D5.6	14274.045	7627.9
1135	219	2	KMT2D5.6	14124.39	7478.245
1136	220	2	KMT2D5.6	14079.996	7433.851
1137	221	2	KMT2D5.6	14030.502	7384.357
1138	222	2	KMT2D5.6	14022.693	7376.548
1139	223	2	KMT2D5.6	13845.033	7198.888
1140	224	2	KMT2D5.6	13570.1	6923.955
1141	225	2	KMT2D5.6	13520.927	6874.782
1142	226	2	KMT2D5.6	13526.532	6880.387
1143	227	2	KMT2D5.6	13470.148	6824.003
1144	228	2	KMT2D5.6	13481.065	6834.92
1145	229	2	KMT2D5.6	13288.873	6642.728
1146	1	3	KMT2D5.6	6330.622	0
1147	2	3	KMT2D5.6	6367.483	36.861
1148	3	3	KMT2D5.6	6367.454	36.832
1149	4	3	KMT2D5.6	6327.458	-3.164
1150	5	3	KMT2D5.6	6448.546	117.924
1151	6	3	KMT2D5.6	6518.066	187.444
1152	7	3	KMT2D5.6	6700.322	369.7
1153	8	3	KMT2D5.6	6732.487	401.865
1154	9	3	KMT2D5.6	6768.254	437.632
1155	10	3	KMT2D5.6	6773.241	442.619
1156	11	3	KMT2D5.6	7004.288	673.666
1157	12	3	KMT2D5.6	7101.05	770.428
1158	13	3	KMT2D5.6	7139.705	809.083
1159	14	3	KMT2D5.6	7290.353	959.731
1160	15	3	KMT2D5.6	7383.896	1053.274
1161	16	3	KMT2D5.6	7471.383	1140.761
1162	17	3	KMT2D5.6	7365.525	1034.903
1163	18	3	KMT2D5.6	7285.645	955.023
1164	19	3	KMT2D5.6	7425.831	1095.209
1165	20	3	KMT2D5.6	7412.754	1082.132
1166	21	3	KMT2D5.6	7491.67	1161.048
1167	22	3	KMT2D5.6	7605.943	1275.321
1168	23	3	KMT2D5.6	7696.327	1365.705
1169	24	3	KMT2D5.6	7783.788	1453.166
1170	25	3	KMT2D5.6	7961.038	1630.416
1171	26	3	KMT2D5.6	8160.776	1830.154
1172	27	3	KMT2D5.6	8241.664	1911.042
1173	28	3	KMT2D5.6	8287.443	1956.821
1174	29	3	KMT2D5.6	8552.162	2221.54
1175	30	3	KMT2D5.6	8444.385	2113.763
1176	31	3	KMT2D5.6	8524.842	2194.22
1177	32	3	KMT2D5.6	8564.465	2233.843
1178	33	3	KMT2D5.6	8468.671	2138.049
1179	34	3	KMT2D5.6	8535.107	2204.485
1180	35	3	KMT2D5.6	8511.373	2180.751
1181	36	3	KMT2D5.6	8709.476	2378.854
1182	37	3	KMT2D5.6	8449.271	2118.649
1183	38	3	KMT2D5.6	8496.564	2165.942
1184	39	3	KMT2D5.6	8490.539	2159.917
1185	40	3	KMT2D5.6	8462.948	2132.326
1186	41	3	KMT2D5.6	8672.135	2341.513
1187	42	3	KMT2D5.6	8651.18	2320.558
1188	43	3	KMT2D5.6	8557.051	2226.429
1189	44	3	KMT2D5.6	8615.147	2284.525
1190	45	3	KMT2D5.6	8680.466	2349.844
1191	46	3	KMT2D5.6	8667.098	2336.476
1192	47	3	KMT2D5.6	8603.246	2272.624
1193	48	3	KMT2D5.6	8517.637	2187.015
1194	49	3	KMT2D5.6	8731.389	2400.767
1195	50	3	KMT2D5.6	8603.083	2272.461
1196	51	3	KMT2D5.6	8541.925	2211.303
1197	52	3	KMT2D5.6	8598.683	2268.061
1198	53	3	KMT2D5.6	8596.28	2265.658
1199	54	3	KMT2D5.6	8582.1	2251.478
1200	55	3	KMT2D5.6	8434.169	2103.547
1201	56	3	KMT2D5.6	8730.357	2399.735
1202	57	3	KMT2D5.6	8582.565	2251.943
1203	58	3	KMT2D5.6	8706.409	2375.787
1204	59	3	KMT2D5.6	8494.563	2163.941
1205	60	3	KMT2D5.6	8457.1	2126.478
1206	61	3	KMT2D5.6	8492.914	2162.292
1207	62	3	KMT2D5.6	8526.704	2196.082
1208	63	3	KMT2D5.6	8657.268	2326.646
1209	64	3	KMT2D5.6	8745.888	2415.266
1210	65	3	KMT2D5.6	8795.849	2465.227
1211	66	3	KMT2D5.6	8709.41	2378.788
1212	67	3	KMT2D5.6	8923.329	2592.707
1213	68	3	KMT2D5.6	8789.598	2458.976
1214	69	3	KMT2D5.6	8806.757	2476.135
1215	70	3	KMT2D5.6	8951.856	2621.234
1216	71	3	KMT2D5.6	8906.271	2575.649
1217	72	3	KMT2D5.6	8848.992	2518.37
1218	73	3	KMT2D5.6	8930.184	2599.562
1219	74	3	KMT2D5.6	9018.827	2688.205
1220	75	3	KMT2D5.6	9103.999	2773.377
1221	76	3	KMT2D5.6	9233.626	2903.004
1222	77	3	KMT2D5.6	9416.164	3085.542
1223	78	3	KMT2D5.6	9292.25	2961.628
1224	79	3	KMT2D5.6	9542.747	3212.125
1225	80	3	KMT2D5.6	9523.479	3192.857
1226	81	3	KMT2D5.6	9616.015	3285.393
1227	82	3	KMT2D5.6	9593.042	3262.42
1228	83	3	KMT2D5.6	9750.769	3420.147
1229	84	3	KMT2D5.6	9748.558	3417.936
1230	85	3	KMT2D5.6	9683.577	3352.955
1231	86	3	KMT2D5.6	10041.369	3710.747
1232	87	3	KMT2D5.6	9939.583	3608.961
1233	88	3	KMT2D5.6	9806.986	3476.364
1234	89	3	KMT2D5.6	9845.771	3515.149
1235	90	3	KMT2D5.6	9870.455	3539.833
1236	91	3	KMT2D5.6	10048.906	3718.284
1237	92	3	KMT2D5.6	10169.857	3839.235
1238	93	3	KMT2D5.6	10204.385	3873.763
1239	94	3	KMT2D5.6	10254.22	3923.598
1240	95	3	KMT2D5.6	10315.004	3984.382
1241	96	3	KMT2D5.6	10467.615	4136.993
1242	97	3	KMT2D5.6	10476.959	4146.337
1243	98	3	KMT2D5.6	10482.106	4151.484
1244	99	3	KMT2D5.6	10622.464	4291.842
1245	100	3	KMT2D5.6	10494.925	4164.303
1246	101	3	KMT2D5.6	10480.526	4149.904
1247	102	3	KMT2D5.6	10472.199	4141.577
1248	103	3	KMT2D5.6	10595.247	4264.625
1249	104	3	KMT2D5.6	10925.969	4595.347
1250	105	3	KMT2D5.6	10818.162	4487.54
1251	106	3	KMT2D5.6	10806.011	4475.389
1252	107	3	KMT2D5.6	10910.738	4580.116
1253	108	3	KMT2D5.6	11052.49	4721.868
1254	109	3	KMT2D5.6	11103.9	4773.278
1255	110	3	KMT2D5.6	11271.213	4940.591
1256	111	3	KMT2D5.6	11111.792	4781.17
1257	112	3	KMT2D5.6	11237.005	4906.383
1258	113	3	KMT2D5.6	11025.638	4695.016
1259	114	3	KMT2D5.6	11057.216	4726.594
1260	115	3	KMT2D5.6	11090.636	4760.014
1261	116	3	KMT2D5.6	11126.859	4796.237
1262	117	3	KMT2D5.6	11212.906	4882.284
1263	118	3	KMT2D5.6	11100.773	4770.151
1264	119	3	KMT2D5.6	10975.031	4644.409
1265	120	3	KMT2D5.6	11034.1	4703.478
1266	121	3	KMT2D5.6	11083.238	4752.616
1267	122	3	KMT2D5.6	11002.131	4671.509
1268	123	3	KMT2D5.6	11157.652	4827.03
1269	124	3	KMT2D5.6	11281.227	4950.605
1270	125	3	KMT2D5.6	11265.898	4935.276
1271	126	3	KMT2D5.6	11448.182	5117.56
1272	127	3	KMT2D5.6	11150.717	4820.095
1273	128	3	KMT2D5.6	10917.57	4586.948
1274	129	3	KMT2D5.6	11192.029	4861.407
1275	130	3	KMT2D5.6	11111.874	4781.252
1276	131	3	KMT2D5.6	11143.805	4813.183
1277	132	3	KMT2D5.6	11012.358	4681.736
1278	133	3	KMT2D5.6	11188.655	4858.033
1279	134	3	KMT2D5.6	11081.179	4750.557
1280	135	3	KMT2D5.6	11116.298	4785.676
1281	136	3	KMT2D5.6	11125.055	4794.433
1282	137	3	KMT2D5.6	11174.585	4843.963
1283	138	3	KMT2D5.6	11202.422	4871.8
1284	139	3	KMT2D5.6	11099.485	4768.863
1285	140	3	KMT2D5.6	11172.515	4841.893
1286	141	3	KMT2D5.6	11308.294	4977.672
1287	142	3	KMT2D5.6	11406.3	5075.678
1288	143	3	KMT2D5.6	11593.707	5263.085
1289	144	3	KMT2D5.6	11581.827	5251.205
1290	145	3	KMT2D5.6	12105.455	5774.833
1291	146	3	KMT2D5.6	11910.157	5579.535
1292	147	3	KMT2D5.6	12133.512	5802.89
1293	148	3	KMT2D5.6	12194.684	5864.062
1294	149	3	KMT2D5.6	12139.184	5808.562
1295	150	3	KMT2D5.6	12080.532	5749.91
1296	151	3	KMT2D5.6	12364.721	6034.099
1297	152	3	KMT2D5.6	12638.592	6307.97
1298	153	3	KMT2D5.6	12514.883	6184.261
1299	154	3	KMT2D5.6	12598.592	6267.97
1300	155	3	KMT2D5.6	12790.958	6460.336
1301	156	3	KMT2D5.6	12891.159	6560.537
1302	157	3	KMT2D5.6	12883.89	6553.268
1303	158	3	KMT2D5.6	12896.376	6565.754
1304	159	3	KMT2D5.6	12941.104	6610.482
1305	160	3	KMT2D5.6	13113.049	6782.427
1306	161	3	KMT2D5.6	13243.145	6912.523
1307	162	3	KMT2D5.6	12832.076	6501.454
1308	163	3	KMT2D5.6	12677.061	6346.439
1309	164	3	KMT2D5.6	12598.657	6268.035
1310	165	3	KMT2D5.6	12770.586	6439.964
1311	166	3	KMT2D5.6	12885.519	6554.897
1312	167	3	KMT2D5.6	12997.4	6666.778
1313	168	3	KMT2D5.6	13164.774	6834.152
1314	169	3	KMT2D5.6	12867.154	6536.532
1315	170	3	KMT2D5.6	13133.399	6802.777
1316	171	3	KMT2D5.6	12983.366	6652.744
1317	172	3	KMT2D5.6	13227.823	6897.201
1318	173	3	KMT2D5.6	13353.151	7022.529
1319	174	3	KMT2D5.6	13142.081	6811.459
1320	175	3	KMT2D5.6	13267.475	6936.853
1321	176	3	KMT2D5.6	13320.536	6989.914
1322	177	3	KMT2D5.6	13206.417	6875.795
1323	178	3	KMT2D5.6	13157.652	6827.03
1324	179	3	KMT2D5.6	13398.532	7067.91
1325	180	3	KMT2D5.6	13239.167	6908.545
1326	181	3	KMT2D5.6	13590.874	7260.252
1327	182	3	KMT2D5.6	13981.934	7651.312
1328	183	3	KMT2D5.6	14096.551	7765.929
1329	184	3	KMT2D5.6	14242.394	7911.772
1330	185	3	KMT2D5.6	14465.687	8135.065
1331	186	3	KMT2D5.6	14376.906	8046.284
1332	187	3	KMT2D5.6	14462.684	8132.062
1333	188	3	KMT2D5.6	14614.501	8283.879
1334	189	3	KMT2D5.6	14402.68	8072.058
1335	190	3	KMT2D5.6	14536.5	8205.878
1336	191	3	KMT2D5.6	14722.459	8391.837
1337	192	3	KMT2D5.6	14631.042	8300.42
1338	193	3	KMT2D5.6	14683.624	8353.002
1339	194	3	KMT2D5.6	14978.501	8647.879
1340	195	3	KMT2D5.6	15268.453	8937.831
1341	196	3	KMT2D5.6	15137.507	8806.885
1342	197	3	KMT2D5.6	15431.342	9100.72
1343	198	3	KMT2D5.6	15038.835	8708.213
1344	199	3	KMT2D5.6	15356.084	9025.462
1345	200	3	KMT2D5.6	15684.545	9353.923
1346	201	3	KMT2D5.6	15506.505	9175.883
1347	202	3	KMT2D5.6	15418.865	9088.243
1348	203	3	KMT2D5.6	15431.598	9100.976
1349	204	3	KMT2D5.6	15077.063	8746.441
1350	205	3	KMT2D5.6	15322.854	8992.232
1351	206	3	KMT2D5.6	15218.415	8887.793
1352	207	3	KMT2D5.6	15588.46	9257.838
1353	208	3	KMT2D5.6	15697.366	9366.744
1354	209	3	KMT2D5.6	15731.083	9400.461
1355	210	3	KMT2D5.6	15704.856	9374.234
1356	211	3	KMT2D5.6	15512.791	9182.169
1357	212	3	KMT2D5.6	15722.972	9392.35
1358	213	3	KMT2D5.6	15866.947	9536.325
1359	214	3	KMT2D5.6	15444.501	9113.879
1360	215	3	KMT2D5.6	15745.14	9414.518
1361	216	3	KMT2D5.6	15725.59	9394.968
1362	217	3	KMT2D5.6	15713.698	9383.076
1363	218	3	KMT2D5.6	15687.557	9356.935
1364	219	3	KMT2D5.6	15653.54	9322.918
1365	220	3	KMT2D5.6	16087.566	9756.944
1366	221	3	KMT2D5.6	15854.075	9523.453
1367	222	3	KMT2D5.6	15496.298	9165.676
1368	223	3	KMT2D5.6	15663.1	9332.478
1369	224	3	KMT2D5.6	15819.136	9488.514
1370	225	3	KMT2D5.6	15859.494	9528.872
1371	226	3	KMT2D5.6	15838.911	9508.289
1372	227	3	KMT2D5.6	15904.905	9574.283
1373	228	3	KMT2D5.6	15964.036	9633.414
1374	229	3	KMT2D5.6	16292.634	9962.012
1375	1	1	KMT2D10.1	922.588	0
1376	2	1	KMT2D10.1	924.323	1.735
1377	3	1	KMT2D10.1	924.22	1.632
1378	4	1	KMT2D10.1	924.746	2.158
1379	5	1	KMT2D10.1	924.791	2.203
1380	6	1	KMT2D10.1	926.103	3.515
1381	7	1	KMT2D10.1	926.915	4.327
1382	8	1	KMT2D10.1	928.472	5.884
1383	9	1	KMT2D10.1	927.606	5.018
1384	10	1	KMT2D10.1	929.07	6.482
1385	11	1	KMT2D10.1	928.623	6.035
1386	12	1	KMT2D10.1	926.409	3.821
1387	13	1	KMT2D10.1	927.879	5.291
1388	14	1	KMT2D10.1	927.937	5.349
1389	15	1	KMT2D10.1	929.683	7.095
1390	16	1	KMT2D10.1	929.037	6.449
1391	17	1	KMT2D10.1	929.559	6.971
1392	18	1	KMT2D10.1	930.597	8.009
1393	19	1	KMT2D10.1	931.539	8.951
1394	20	1	KMT2D10.1	931.516	8.928
1395	21	1	KMT2D10.1	930.324	7.736
1396	22	1	KMT2D10.1	931.002	8.414
1397	23	1	KMT2D10.1	931.763	9.175
1398	24	1	KMT2D10.1	932.795	10.207
1399	25	1	KMT2D10.1	933.818	11.23
1400	26	1	KMT2D10.1	934.439	11.851
1401	27	1	KMT2D10.1	934.043	11.455
1402	28	1	KMT2D10.1	933.115	10.527
1403	29	1	KMT2D10.1	935.212	12.624
1404	30	1	KMT2D10.1	934.549	11.961
1405	31	1	KMT2D10.1	942.692	20.104
1406	32	1	KMT2D10.1	935.241	12.653
1407	33	1	KMT2D10.1	936.954	14.366
1408	34	1	KMT2D10.1	938.106	15.518
1409	35	1	KMT2D10.1	939.679	17.091
1410	36	1	KMT2D10.1	939.968	17.38
1411	37	1	KMT2D10.1	942.02	19.432
1412	38	1	KMT2D10.1	942.123	19.535
1413	39	1	KMT2D10.1	943.579	20.991
1414	40	1	KMT2D10.1	943.526	20.938
1415	41	1	KMT2D10.1	946.125	23.537
1416	42	1	KMT2D10.1	945.511	22.923
1417	43	1	KMT2D10.1	943.947	21.359
1418	44	1	KMT2D10.1	945.968	23.38
1419	45	1	KMT2D10.1	944.063	21.475
1420	46	1	KMT2D10.1	946.32	23.732
1421	47	1	KMT2D10.1	945.632	23.044
1422	48	1	KMT2D10.1	946.18	23.592
1423	49	1	KMT2D10.1	947.66	25.072
1424	50	1	KMT2D10.1	950.075	27.487
1425	51	1	KMT2D10.1	950.572	27.984
1426	52	1	KMT2D10.1	950.407	27.819
1427	53	1	KMT2D10.1	950.061	27.473
1428	54	1	KMT2D10.1	952.191	29.603
1429	55	1	KMT2D10.1	951.373	28.785
1430	56	1	KMT2D10.1	952.871	30.283
1431	57	1	KMT2D10.1	951.241	28.653
1432	58	1	KMT2D10.1	954.862	32.274
1433	59	1	KMT2D10.1	955.187	32.599
1434	60	1	KMT2D10.1	954.556	31.968
1435	61	1	KMT2D10.1	954.277	31.689
1436	62	1	KMT2D10.1	956.96	34.372
1437	63	1	KMT2D10.1	955.179	32.591
1438	64	1	KMT2D10.1	956.05	33.462
1439	65	1	KMT2D10.1	956.868	34.28
1440	66	1	KMT2D10.1	959.173	36.585
1441	67	1	KMT2D10.1	957.029	34.441
1442	68	1	KMT2D10.1	961.64	39.052
1443	69	1	KMT2D10.1	960.381	37.793
1444	70	1	KMT2D10.1	958.772	36.184
1445	71	1	KMT2D10.1	962.508	39.92
1446	72	1	KMT2D10.1	962.624	40.036
1447	73	1	KMT2D10.1	963.96	41.372
1448	74	1	KMT2D10.1	964.552	41.964
1449	75	1	KMT2D10.1	966.543	43.955
1450	76	1	KMT2D10.1	965.38	42.792
1451	77	1	KMT2D10.1	963.646	41.058
1452	78	1	KMT2D10.1	966.136	43.548
1453	79	1	KMT2D10.1	964.257	41.669
1454	80	1	KMT2D10.1	963.919	41.331
1455	81	1	KMT2D10.1	966.64	44.052
1456	82	1	KMT2D10.1	967.695	45.107
1457	83	1	KMT2D10.1	969.472	46.884
1458	84	1	KMT2D10.1	969.666	47.078
1459	85	1	KMT2D10.1	972.675	50.087
1460	86	1	KMT2D10.1	967.382	44.794
1461	87	1	KMT2D10.1	970.589	48.001
1462	88	1	KMT2D10.1	971.992	49.404
1463	89	1	KMT2D10.1	971.558	48.97
1464	90	1	KMT2D10.1	970.757	48.169
1465	91	1	KMT2D10.1	971.862	49.274
1466	92	1	KMT2D10.1	976.139	53.551
1467	93	1	KMT2D10.1	973.933	51.345
1468	94	1	KMT2D10.1	974.562	51.974
1469	95	1	KMT2D10.1	976.298	53.71
1470	96	1	KMT2D10.1	976.321	53.733
1471	97	1	KMT2D10.1	975.291	52.703
1472	98	1	KMT2D10.1	976.211	53.623
1473	99	1	KMT2D10.1	972.304	49.716
1474	100	1	KMT2D10.1	974.178	51.59
1475	101	1	KMT2D10.1	976.087	53.499
1476	102	1	KMT2D10.1	977.495	54.907
1477	103	1	KMT2D10.1	977.739	55.151
1478	104	1	KMT2D10.1	981.153	58.565
1479	105	1	KMT2D10.1	980.777	58.189
1480	106	1	KMT2D10.1	978.301	55.713
1481	107	1	KMT2D10.1	979.788	57.2
1482	108	1	KMT2D10.1	983.157	60.569
1483	109	1	KMT2D10.1	983.135	60.547
1484	110	1	KMT2D10.1	985.511	62.923
1485	111	1	KMT2D10.1	985.84	63.252
1486	112	1	KMT2D10.1	981.681	59.093
1487	113	1	KMT2D10.1	985.797	63.209
1488	114	1	KMT2D10.1	986.006	63.418
1489	115	1	KMT2D10.1	988.039	65.451
1490	116	1	KMT2D10.1	987.771	65.183
1491	117	1	KMT2D10.1	989.794	67.206
1492	118	1	KMT2D10.1	992.839	70.251
1493	119	1	KMT2D10.1	992.784	70.196
1494	120	1	KMT2D10.1	991.909	69.321
1495	121	1	KMT2D10.1	992.939	70.351
1496	122	1	KMT2D10.1	993.637	71.049
1497	123	1	KMT2D10.1	995.632	73.044
1498	124	1	KMT2D10.1	995.325	72.737
1499	125	1	KMT2D10.1	994.879	72.291
1500	126	1	KMT2D10.1	996.871	74.283
1501	127	1	KMT2D10.1	997.993	75.405
1502	128	1	KMT2D10.1	1000.956	78.368
1503	129	1	KMT2D10.1	1000.869	78.281
1504	130	1	KMT2D10.1	1001.478	78.89
1505	131	1	KMT2D10.1	1000.278	77.69
1506	132	1	KMT2D10.1	1001.652	79.064
1507	133	1	KMT2D10.1	1002.88	80.292
1508	134	1	KMT2D10.1	1001.482	78.894
1509	135	1	KMT2D10.1	1001.695	79.107
1510	136	1	KMT2D10.1	1001.951	79.363
1511	137	1	KMT2D10.1	999.727	77.139
1512	138	1	KMT2D10.1	1004.538	81.95
1513	139	1	KMT2D10.1	999.051	76.463
1514	140	1	KMT2D10.1	1000.571	77.983
1515	141	1	KMT2D10.1	1001.877	79.289
1516	142	1	KMT2D10.1	1003.247	80.659
1517	143	1	KMT2D10.1	1001.473	78.885
1518	144	1	KMT2D10.1	1005.492	82.904
1519	145	1	KMT2D10.1	1002.48	79.892
1520	146	1	KMT2D10.1	1002.816	80.228
1521	147	1	KMT2D10.1	1004.365	81.777
1522	148	1	KMT2D10.1	1005.596	83.008
1523	149	1	KMT2D10.1	1007.309	84.721
1524	150	1	KMT2D10.1	1006.041	83.453
1525	151	1	KMT2D10.1	1009.039	86.451
1526	152	1	KMT2D10.1	1008.766	86.178
1527	153	1	KMT2D10.1	1009.144	86.556
1528	154	1	KMT2D10.1	1007.311	84.723
1529	155	1	KMT2D10.1	1010.88	88.292
1530	156	1	KMT2D10.1	1002.505	79.917
1531	157	1	KMT2D10.1	1005.576	82.988
1532	158	1	KMT2D10.1	1006.05	83.462
1533	159	1	KMT2D10.1	1005.839	83.251
1534	160	1	KMT2D10.1	1003.521	80.933
1535	161	1	KMT2D10.1	1006.773	84.185
1536	162	1	KMT2D10.1	1008.291	85.703
1537	163	1	KMT2D10.1	1010.843	88.255
1538	164	1	KMT2D10.1	1012.804	90.216
1539	165	1	KMT2D10.1	1013.173	90.585
1540	166	1	KMT2D10.1	1012.294	89.706
1541	167	1	KMT2D10.1	1013.438	90.85
1542	168	1	KMT2D10.1	1013.261	90.673
1543	169	1	KMT2D10.1	1012.213	89.625
1544	170	1	KMT2D10.1	1015.628	93.04
1545	171	1	KMT2D10.1	1015.91	93.322
1546	172	1	KMT2D10.1	1010.512	87.924
1547	173	1	KMT2D10.1	1013.996	91.408
1548	174	1	KMT2D10.1	1014.013	91.425
1549	175	1	KMT2D10.1	1014.504	91.916
1550	176	1	KMT2D10.1	1015.667	93.079
1551	177	1	KMT2D10.1	1014.69	92.102
1552	178	1	KMT2D10.1	1016.065	93.477
1553	179	1	KMT2D10.1	1018.947	96.359
1554	180	1	KMT2D10.1	1020.283	97.695
1555	181	1	KMT2D10.1	1019.893	97.305
1556	182	1	KMT2D10.1	1020.556	97.968
1557	183	1	KMT2D10.1	1022.597	100.009
1558	184	1	KMT2D10.1	1020.858	98.27
1559	185	1	KMT2D10.1	1022.568	99.98
1560	186	1	KMT2D10.1	1023.794	101.206
1561	187	1	KMT2D10.1	1024.005	101.417
1562	188	1	KMT2D10.1	1024.8	102.212
1563	189	1	KMT2D10.1	1024.589	102.001
1564	190	1	KMT2D10.1	1022.015	99.427
1565	191	1	KMT2D10.1	1014.801	92.213
1566	192	1	KMT2D10.1	1019.956	97.368
1567	193	1	KMT2D10.1	1019.317	96.729
1568	194	1	KMT2D10.1	1023.894	101.306
1569	195	1	KMT2D10.1	1025.077	102.489
1570	196	1	KMT2D10.1	1022.824	100.236
1571	197	1	KMT2D10.1	1020.176	97.588
1572	198	1	KMT2D10.1	1022.212	99.624
1573	199	1	KMT2D10.1	1024.85	102.262
1574	200	1	KMT2D10.1	1026.627	104.039
1575	201	1	KMT2D10.1	1023.655	101.067
1576	202	1	KMT2D10.1	1025.046	102.458
1577	203	1	KMT2D10.1	1026.911	104.323
1578	204	1	KMT2D10.1	1026.596	104.008
1579	205	1	KMT2D10.1	1028.69	106.102
1580	206	1	KMT2D10.1	1030.54	107.952
1581	207	1	KMT2D10.1	1032.406	109.818
1582	208	1	KMT2D10.1	1035.932	113.344
1583	209	1	KMT2D10.1	1035.66	113.072
1584	210	1	KMT2D10.1	1038.998	116.41
1585	211	1	KMT2D10.1	1040.433	117.845
1586	212	1	KMT2D10.1	1029.299	106.711
1587	213	1	KMT2D10.1	1032.591	110.003
1588	214	1	KMT2D10.1	1031.221	108.633
1589	215	1	KMT2D10.1	1034.433	111.845
1590	216	1	KMT2D10.1	1035.181	112.593
1591	217	1	KMT2D10.1	1036.949	114.361
1592	218	1	KMT2D10.1	1038.984	116.396
1593	219	1	KMT2D10.1	1030.328	107.74
1594	220	1	KMT2D10.1	1037.044	114.456
1595	221	1	KMT2D10.1	1036.654	114.066
1596	222	1	KMT2D10.1	1035.81	113.222
1597	223	1	KMT2D10.1	1039.755	117.167
1598	224	1	KMT2D10.1	1037.798	115.21
1599	225	1	KMT2D10.1	1039.088	116.5
1600	226	1	KMT2D10.1	1040.554	117.966
1601	227	1	KMT2D10.1	1041.974	119.386
1602	228	1	KMT2D10.1	1043.236	120.648
1603	229	1	KMT2D10.1	1041.469	118.881
1604	1	2	KMT2D10.1	979.223	0
1605	2	2	KMT2D10.1	983.303	4.08
1606	3	2	KMT2D10.1	987.128	7.905
1607	4	2	KMT2D10.1	987.313	8.09
1608	5	2	KMT2D10.1	995.53	16.307
1609	6	2	KMT2D10.1	998.504	19.281
1610	7	2	KMT2D10.1	1004.94	25.717
1611	8	2	KMT2D10.1	1003.477	24.254
1612	9	2	KMT2D10.1	1010.225	31.002
1613	10	2	KMT2D10.1	1012.672	33.449
1614	11	2	KMT2D10.1	1016.853	37.63
1615	12	2	KMT2D10.1	1035.219	55.996
1616	13	2	KMT2D10.1	1034.457	55.234
1617	14	2	KMT2D10.1	1035.998	56.775
1618	15	2	KMT2D10.1	1027.343	48.12
1619	16	2	KMT2D10.1	1040.327	61.104
1620	17	2	KMT2D10.1	1044.755	65.532
1621	18	2	KMT2D10.1	1037.101	57.878
1622	19	2	KMT2D10.1	1049.288	70.065
1623	20	2	KMT2D10.1	1048.943	69.72
1624	21	2	KMT2D10.1	1054.358	75.135
1625	22	2	KMT2D10.1	1062.624	83.401
1626	23	2	KMT2D10.1	1066.264	87.041
1627	24	2	KMT2D10.1	1069.05	89.827
1628	25	2	KMT2D10.1	1064.282	85.059
1629	26	2	KMT2D10.1	1072.117	92.894
1630	27	2	KMT2D10.1	1074.05	94.827
1631	28	2	KMT2D10.1	1068.357	89.134
1632	29	2	KMT2D10.1	1070.6	91.377
1633	30	2	KMT2D10.1	1083.03	103.807
1634	31	2	KMT2D10.1	1078.134	98.911
1635	32	2	KMT2D10.1	1080.22	100.997
1636	33	2	KMT2D10.1	1074.001	94.778
1637	34	2	KMT2D10.1	1082.264	103.041
1638	35	2	KMT2D10.1	1080.318	101.095
1639	36	2	KMT2D10.1	1090.917	111.694
1640	37	2	KMT2D10.1	1089.344	110.121
1641	38	2	KMT2D10.1	1098.876	119.653
1642	39	2	KMT2D10.1	1092.853	113.63
1643	40	2	KMT2D10.1	1093.322	114.099
1644	41	2	KMT2D10.1	1090.713	111.49
1645	42	2	KMT2D10.1	1094.012	114.789
1646	43	2	KMT2D10.1	1110.978	131.755
1647	44	2	KMT2D10.1	1105.421	126.198
1648	45	2	KMT2D10.1	1123.513	144.29
1649	46	2	KMT2D10.1	1115.702	136.479
1650	47	2	KMT2D10.1	1127.485	148.262
1651	48	2	KMT2D10.1	1139.606	160.383
1652	49	2	KMT2D10.1	1136.777	157.554
1653	50	2	KMT2D10.1	1132.035	152.812
1654	51	2	KMT2D10.1	1112.09	132.867
1655	52	2	KMT2D10.1	1132.447	153.224
1656	53	2	KMT2D10.1	1129.527	150.304
1657	54	2	KMT2D10.1	1141.859	162.636
1658	55	2	KMT2D10.1	1156.455	177.232
1659	56	2	KMT2D10.1	1133.233	154.01
1660	57	2	KMT2D10.1	1158.505	179.282
1661	58	2	KMT2D10.1	1154.944	175.721
1662	59	2	KMT2D10.1	1160.543	181.32
1663	60	2	KMT2D10.1	1144.508	165.285
1664	61	2	KMT2D10.1	1169.118	189.895
1665	62	2	KMT2D10.1	1156.177	176.954
1666	63	2	KMT2D10.1	1178.218	198.995
1667	64	2	KMT2D10.1	1180.349	201.126
1668	65	2	KMT2D10.1	1190.737	211.514
1669	66	2	KMT2D10.1	1201.9	222.677
1670	67	2	KMT2D10.1	1205.726	226.503
1671	68	2	KMT2D10.1	1196.658	217.435
1672	69	2	KMT2D10.1	1216.472	237.249
1673	70	2	KMT2D10.1	1214.897	235.674
1674	71	2	KMT2D10.1	1219.653	240.43
1675	72	2	KMT2D10.1	1220.914	241.691
1676	73	2	KMT2D10.1	1222.702	243.479
1677	74	2	KMT2D10.1	1225.202	245.979
1678	75	2	KMT2D10.1	1229.992	250.769
1679	76	2	KMT2D10.1	1243.215	263.992
1680	77	2	KMT2D10.1	1235.841	256.618
1681	78	2	KMT2D10.1	1240.995	261.772
1682	79	2	KMT2D10.1	1250.198	270.975
1683	80	2	KMT2D10.1	1237.424	258.201
1684	81	2	KMT2D10.1	1242.882	263.659
1685	82	2	KMT2D10.1	1247.459	268.236
1686	83	2	KMT2D10.1	1251.27	272.047
1687	84	2	KMT2D10.1	1261.061	281.838
1688	85	2	KMT2D10.1	1254.74	275.517
1689	86	2	KMT2D10.1	1259.961	280.738
1690	87	2	KMT2D10.1	1261.02	281.797
1691	88	2	KMT2D10.1	1261.652	282.429
1692	89	2	KMT2D10.1	1262.978	283.755
1693	90	2	KMT2D10.1	1262.871	283.648
1694	91	2	KMT2D10.1	1268.04	288.817
1695	92	2	KMT2D10.1	1266.173	286.95
1696	93	2	KMT2D10.1	1268.48	289.257
1697	94	2	KMT2D10.1	1264.434	285.211
1698	95	2	KMT2D10.1	1254.277	275.054
1699	96	2	KMT2D10.1	1257.952	278.729
1700	97	2	KMT2D10.1	1252.78	273.557
1701	98	2	KMT2D10.1	1257.129	277.906
1702	99	2	KMT2D10.1	1247.9	268.677
1703	100	2	KMT2D10.1	1247.393	268.17
1704	101	2	KMT2D10.1	1253.407	274.184
1705	102	2	KMT2D10.1	1262.874	283.651
1706	103	2	KMT2D10.1	1263.066	283.843
1707	104	2	KMT2D10.1	1271.28	292.057
1708	105	2	KMT2D10.1	1270.086	290.863
1709	106	2	KMT2D10.1	1266.547	287.324
1710	107	2	KMT2D10.1	1265.975	286.752
1711	108	2	KMT2D10.1	1269.072	289.849
1712	109	2	KMT2D10.1	1280.434	301.211
1713	110	2	KMT2D10.1	1282.199	302.976
1714	111	2	KMT2D10.1	1289.236	310.013
1715	112	2	KMT2D10.1	1283.64	304.417
1716	113	2	KMT2D10.1	1285.627	306.404
1717	114	2	KMT2D10.1	1282.085	302.862
1718	115	2	KMT2D10.1	1285.431	306.208
1719	116	2	KMT2D10.1	1281.755	302.532
1720	117	2	KMT2D10.1	1280.075	300.852
1721	118	2	KMT2D10.1	1283.287	304.064
1722	119	2	KMT2D10.1	1286.657	307.434
1723	120	2	KMT2D10.1	1280.54	301.317
1724	121	2	KMT2D10.1	1275.408	296.185
1725	122	2	KMT2D10.1	1271.454	292.231
1726	123	2	KMT2D10.1	1273.364	294.141
1727	124	2	KMT2D10.1	1269.926	290.703
1728	125	2	KMT2D10.1	1271.652	292.429
1729	126	2	KMT2D10.1	1276.668	297.445
1730	127	2	KMT2D10.1	1276.145	296.922
1731	128	2	KMT2D10.1	1272.561	293.338
1732	129	2	KMT2D10.1	1272.944	293.721
1733	130	2	KMT2D10.1	1268.29	289.067
1734	131	2	KMT2D10.1	1262.872	283.649
1735	132	2	KMT2D10.1	1269.015	289.792
1736	133	2	KMT2D10.1	1274.036	294.813
1737	134	2	KMT2D10.1	1278.787	299.564
1738	135	2	KMT2D10.1	1282.8	303.577
1739	136	2	KMT2D10.1	1276.698	297.475
1740	137	2	KMT2D10.1	1277.239	298.016
1741	138	2	KMT2D10.1	1283.593	304.37
1742	139	2	KMT2D10.1	1282.111	302.888
1743	140	2	KMT2D10.1	1274.041	294.818
1744	141	2	KMT2D10.1	1272.666	293.443
1745	142	2	KMT2D10.1	1280.535	301.312
1746	143	2	KMT2D10.1	1284.09	304.867
1747	144	2	KMT2D10.1	1296.309	317.086
1748	145	2	KMT2D10.1	1294.195	314.972
1749	146	2	KMT2D10.1	1284.185	304.962
1750	147	2	KMT2D10.1	1282.997	303.774
1751	148	2	KMT2D10.1	1296.334	317.111
1752	149	2	KMT2D10.1	1289.252	310.029
1753	150	2	KMT2D10.1	1285.347	306.124
1754	151	2	KMT2D10.1	1287.216	307.993
1755	152	2	KMT2D10.1	1284.153	304.93
1756	153	2	KMT2D10.1	1277.794	298.571
1757	154	2	KMT2D10.1	1272.529	293.306
1758	155	2	KMT2D10.1	1281.341	302.118
1759	156	2	KMT2D10.1	1283.079	303.856
1760	157	2	KMT2D10.1	1286.061	306.838
1761	158	2	KMT2D10.1	1278.272	299.049
1762	159	2	KMT2D10.1	1269.328	290.105
1763	160	2	KMT2D10.1	1261.056	281.833
1764	161	2	KMT2D10.1	1266.758	287.535
1765	162	2	KMT2D10.1	1273.62	294.397
1766	163	2	KMT2D10.1	1277.964	298.741
1767	164	2	KMT2D10.1	1283.596	304.373
1768	165	2	KMT2D10.1	1275.164	295.941
1769	166	2	KMT2D10.1	1266.347	287.124
1770	167	2	KMT2D10.1	1267.97	288.747
1771	168	2	KMT2D10.1	1269.945	290.722
1772	169	2	KMT2D10.1	1261.753	282.53
1773	170	2	KMT2D10.1	1258.697	279.474
1774	171	2	KMT2D10.1	1266.007	286.784
1775	172	2	KMT2D10.1	1260.232	281.009
1776	173	2	KMT2D10.1	1261.441	282.218
1777	174	2	KMT2D10.1	1264.818	285.595
1778	175	2	KMT2D10.1	1269.982	290.759
1779	176	2	KMT2D10.1	1271.813	292.59
1780	177	2	KMT2D10.1	1269.331	290.108
1781	178	2	KMT2D10.1	1268.265	289.042
1782	179	2	KMT2D10.1	1276.47	297.247
1783	180	2	KMT2D10.1	1269.24	290.017
1784	181	2	KMT2D10.1	1271.019	291.796
1785	182	2	KMT2D10.1	1270.089	290.866
1786	183	2	KMT2D10.1	1270.616	291.393
1787	184	2	KMT2D10.1	1273.011	293.788
1788	185	2	KMT2D10.1	1271.677	292.454
1789	186	2	KMT2D10.1	1279.4	300.177
1790	187	2	KMT2D10.1	1282.175	302.952
1791	188	2	KMT2D10.1	1281.72	302.497
1792	189	2	KMT2D10.1	1285.422	306.199
1793	190	2	KMT2D10.1	1283.199	303.976
1794	191	2	KMT2D10.1	1266.784	287.561
1795	192	2	KMT2D10.1	1271.739	292.516
1796	193	2	KMT2D10.1	1278.994	299.771
1797	194	2	KMT2D10.1	1277.751	298.528
1798	195	2	KMT2D10.1	1277.641	298.418
1799	196	2	KMT2D10.1	1277.228	298.005
1800	197	2	KMT2D10.1	1275.689	296.466
1801	198	2	KMT2D10.1	1276.359	297.136
1802	199	2	KMT2D10.1	1275.148	295.925
1803	200	2	KMT2D10.1	1274.442	295.219
1804	201	2	KMT2D10.1	1276.49	297.267
1805	202	2	KMT2D10.1	1281.253	302.03
1806	203	2	KMT2D10.1	1280.274	301.051
1807	204	2	KMT2D10.1	1285.228	306.005
1808	205	2	KMT2D10.1	1292.855	313.632
1809	206	2	KMT2D10.1	1295.433	316.21
1810	207	2	KMT2D10.1	1294.968	315.745
1811	208	2	KMT2D10.1	1296.053	316.83
1812	209	2	KMT2D10.1	1305.987	326.764
1813	210	2	KMT2D10.1	1310.246	331.023
1814	211	2	KMT2D10.1	1315.666	336.443
1815	212	2	KMT2D10.1	1298.142	318.919
1816	213	2	KMT2D10.1	1304.147	324.924
1817	214	2	KMT2D10.1	1308.049	328.826
1818	215	2	KMT2D10.1	1309.846	330.623
1819	216	2	KMT2D10.1	1319.304	340.081
1820	217	2	KMT2D10.1	1316.481	337.258
1821	218	2	KMT2D10.1	1310.222	330.999
1822	219	2	KMT2D10.1	1299.56	320.337
1823	220	2	KMT2D10.1	1304.383	325.16
1824	221	2	KMT2D10.1	1311.333	332.11
1825	222	2	KMT2D10.1	1313.13	333.907
1826	223	2	KMT2D10.1	1314.405	335.182
1827	224	2	KMT2D10.1	1316.227	337.004
1828	225	2	KMT2D10.1	1310.544	331.321
1829	226	2	KMT2D10.1	1309.44	330.217
1830	227	2	KMT2D10.1	1311.323	332.1
1831	228	2	KMT2D10.1	1313.462	334.239
1832	229	2	KMT2D10.1	1318.579	339.356
1833	1	3	KMT2D10.1	1105.264	0
1834	2	3	KMT2D10.1	1113.472	8.208
1835	3	3	KMT2D10.1	1122.224	16.96
1836	4	3	KMT2D10.1	1122.503	17.239
1837	5	3	KMT2D10.1	1133.065	27.801
1838	6	3	KMT2D10.1	1138.489	33.225
1839	7	3	KMT2D10.1	1146.838	41.574
1840	8	3	KMT2D10.1	1152.275	47.011
1841	9	3	KMT2D10.1	1158.977	53.713
1842	10	3	KMT2D10.1	1160.436	55.172
1843	11	3	KMT2D10.1	1171.805	66.541
1844	12	3	KMT2D10.1	1182.215	76.951
1845	13	3	KMT2D10.1	1179.771	74.507
1846	14	3	KMT2D10.1	1185.458	80.194
1847	15	3	KMT2D10.1	1186.429	81.165
1848	16	3	KMT2D10.1	1198.404	93.14
1849	17	3	KMT2D10.1	1206.713	101.449
1850	18	3	KMT2D10.1	1204.912	99.648
1851	19	3	KMT2D10.1	1214.752	109.488
1852	20	3	KMT2D10.1	1218.372	113.108
1853	21	3	KMT2D10.1	1220.023	114.759
1854	22	3	KMT2D10.1	1228.02	122.756
1855	23	3	KMT2D10.1	1232.603	127.339
1856	24	3	KMT2D10.1	1236.45	131.186
1857	25	3	KMT2D10.1	1239.358	134.094
1858	26	3	KMT2D10.1	1248.096	142.832
1859	27	3	KMT2D10.1	1254.363	149.099
1860	28	3	KMT2D10.1	1258.084	152.82
1861	29	3	KMT2D10.1	1264.315	159.051
1862	30	3	KMT2D10.1	1269.643	164.379
1863	31	3	KMT2D10.1	1276.201	170.937
1864	32	3	KMT2D10.1	1285.519	180.255
1865	33	3	KMT2D10.1	1285.639	180.375
1866	34	3	KMT2D10.1	1284.916	179.652
1867	35	3	KMT2D10.1	1285.882	180.618
1868	36	3	KMT2D10.1	1290.583	185.319
1869	37	3	KMT2D10.1	1291.299	186.035
1870	38	3	KMT2D10.1	1299.11	193.846
1871	39	3	KMT2D10.1	1302.338	197.074
1872	40	3	KMT2D10.1	1300.14	194.876
1873	41	3	KMT2D10.1	1306.905	201.641
1874	42	3	KMT2D10.1	1299.567	194.303
1875	43	3	KMT2D10.1	1315.969	210.705
1876	44	3	KMT2D10.1	1321.051	215.787
1877	45	3	KMT2D10.1	1336.335	231.071
1878	46	3	KMT2D10.1	1343.967	238.703
1879	47	3	KMT2D10.1	1349.174	243.91
1880	48	3	KMT2D10.1	1348.357	243.093
1881	49	3	KMT2D10.1	1351.293	246.029
1882	50	3	KMT2D10.1	1350.834	245.57
1883	51	3	KMT2D10.1	1350.452	245.188
1884	52	3	KMT2D10.1	1356.736	251.472
1885	53	3	KMT2D10.1	1356.69	251.426
1886	54	3	KMT2D10.1	1360.803	255.539
1887	55	3	KMT2D10.1	1372.665	267.401
1888	56	3	KMT2D10.1	1369.016	263.752
1889	57	3	KMT2D10.1	1373.542	268.278
1890	58	3	KMT2D10.1	1377.53	272.266
1891	59	3	KMT2D10.1	1382.813	277.549
1892	60	3	KMT2D10.1	1385.256	279.992
1893	61	3	KMT2D10.1	1409.878	304.614
1894	62	3	KMT2D10.1	1400.266	295.002
1895	63	3	KMT2D10.1	1412.101	306.837
1896	64	3	KMT2D10.1	1420.599	315.335
1897	65	3	KMT2D10.1	1426.032	320.768
1898	66	3	KMT2D10.1	1424.863	319.599
1899	67	3	KMT2D10.1	1428.618	323.354
1900	68	3	KMT2D10.1	1419.289	314.025
1901	69	3	KMT2D10.1	1430.564	325.3
1902	70	3	KMT2D10.1	1432.42	327.156
1903	71	3	KMT2D10.1	1438.172	332.908
1904	72	3	KMT2D10.1	1441.983	336.719
1905	73	3	KMT2D10.1	1444.713	339.449
1906	74	3	KMT2D10.1	1443.654	338.39
1907	75	3	KMT2D10.1	1444.998	339.734
1908	76	3	KMT2D10.1	1464.677	359.413
1909	77	3	KMT2D10.1	1458.245	352.981
1910	78	3	KMT2D10.1	1467.599	362.335
1911	79	3	KMT2D10.1	1474.865	369.601
1912	80	3	KMT2D10.1	1458.709	353.445
1913	81	3	KMT2D10.1	1469.19	363.926
1914	82	3	KMT2D10.1	1473.448	368.184
1915	83	3	KMT2D10.1	1486.609	381.345
1916	84	3	KMT2D10.1	1502.362	397.098
1917	85	3	KMT2D10.1	1498.241	392.977
1918	86	3	KMT2D10.1	1508.643	403.379
1919	87	3	KMT2D10.1	1504.454	399.19
1920	88	3	KMT2D10.1	1506.016	400.752
1921	89	3	KMT2D10.1	1505.904	400.64
1922	90	3	KMT2D10.1	1526.673	421.409
1923	91	3	KMT2D10.1	1521.794	416.53
1924	92	3	KMT2D10.1	1504.543	399.279
1925	93	3	KMT2D10.1	1531.593	426.329
1926	94	3	KMT2D10.1	1535.57	430.306
1927	95	3	KMT2D10.1	1538.237	432.973
1928	96	3	KMT2D10.1	1535.674	430.41
1929	97	3	KMT2D10.1	1537.755	432.491
1930	98	3	KMT2D10.1	1543.867	438.603
1931	99	3	KMT2D10.1	1544.961	439.697
1932	100	3	KMT2D10.1	1541.726	436.462
1933	101	3	KMT2D10.1	1549.091	443.827
1934	102	3	KMT2D10.1	1554.468	449.204
1935	103	3	KMT2D10.1	1559.799	454.535
1936	104	3	KMT2D10.1	1539.916	434.652
1937	105	3	KMT2D10.1	1550.632	445.368
1938	106	3	KMT2D10.1	1556.205	450.941
1939	107	3	KMT2D10.1	1559.763	454.499
1940	108	3	KMT2D10.1	1553.149	447.885
1941	109	3	KMT2D10.1	1548.271	443.007
1942	110	3	KMT2D10.1	1556.78	451.516
1943	111	3	KMT2D10.1	1550.007	444.743
1944	112	3	KMT2D10.1	1555.635	450.371
1945	113	3	KMT2D10.1	1545.167	439.903
1946	114	3	KMT2D10.1	1555.218	449.954
1947	115	3	KMT2D10.1	1547.142	441.878
1948	116	3	KMT2D10.1	1558.563	453.299
1949	117	3	KMT2D10.1	1558.999	453.735
1950	118	3	KMT2D10.1	1559.598	454.334
1951	119	3	KMT2D10.1	1566.167	460.903
1952	120	3	KMT2D10.1	1565.714	460.45
1953	121	3	KMT2D10.1	1560.11	454.846
1954	122	3	KMT2D10.1	1563.941	458.677
1955	123	3	KMT2D10.1	1559.14	453.876
1956	124	3	KMT2D10.1	1570.507	465.243
1957	125	3	KMT2D10.1	1581.206	475.942
1958	126	3	KMT2D10.1	1577.929	472.665
1959	127	3	KMT2D10.1	1572.637	467.373
1960	128	3	KMT2D10.1	1564.994	459.73
1961	129	3	KMT2D10.1	1583.596	478.332
1962	130	3	KMT2D10.1	1575.171	469.907
1963	131	3	KMT2D10.1	1585.389	480.125
1964	132	3	KMT2D10.1	1585.092	479.828
1965	133	3	KMT2D10.1	1587.269	482.005
1966	134	3	KMT2D10.1	1594.855	489.591
1967	135	3	KMT2D10.1	1586.022	480.758
1968	136	3	KMT2D10.1	1593.544	488.28
1969	137	3	KMT2D10.1	1599.156	493.892
1970	138	3	KMT2D10.1	1574.459	469.195
1971	139	3	KMT2D10.1	1594.109	488.845
1972	140	3	KMT2D10.1	1596.592	491.328
1973	141	3	KMT2D10.1	1600.491	495.227
1974	142	3	KMT2D10.1	1600.984	495.72
1975	143	3	KMT2D10.1	1597.96	492.696
1976	144	3	KMT2D10.1	1599.253	493.989
1977	145	3	KMT2D10.1	1625.854	520.59
1978	146	3	KMT2D10.1	1637.462	532.198
1979	147	3	KMT2D10.1	1642.564	537.3
1980	148	3	KMT2D10.1	1614.957	509.693
1981	149	3	KMT2D10.1	1627.633	522.369
1982	150	3	KMT2D10.1	1635.468	530.204
1983	151	3	KMT2D10.1	1631.461	526.197
1984	152	3	KMT2D10.1	1642.12	536.856
1985	153	3	KMT2D10.1	1636.069	530.805
1986	154	3	KMT2D10.1	1647.981	542.717
1987	155	3	KMT2D10.1	1635.787	530.523
1988	156	3	KMT2D10.1	1624.736	519.472
1989	157	3	KMT2D10.1	1630.737	525.473
1990	158	3	KMT2D10.1	1634.411	529.147
1991	159	3	KMT2D10.1	1625.086	519.822
1992	160	3	KMT2D10.1	1608.358	503.094
1993	161	3	KMT2D10.1	1636.622	531.358
1994	162	3	KMT2D10.1	1623.165	517.901
1995	163	3	KMT2D10.1	1614.892	509.628
1996	164	3	KMT2D10.1	1607.756	502.492
1997	165	3	KMT2D10.1	1611.027	505.763
1998	166	3	KMT2D10.1	1611.576	506.312
1999	167	3	KMT2D10.1	1616.631	511.367
2000	168	3	KMT2D10.1	1620.008	514.744
2001	169	3	KMT2D10.1	1628.851	523.587
2002	170	3	KMT2D10.1	1629.615	524.351
2003	171	3	KMT2D10.1	1643.173	537.909
2004	172	3	KMT2D10.1	1620.835	515.571
2005	173	3	KMT2D10.1	1620.312	515.048
2006	174	3	KMT2D10.1	1623.438	518.174
2007	175	3	KMT2D10.1	1620.275	515.011
2008	176	3	KMT2D10.1	1623.731	518.467
2009	177	3	KMT2D10.1	1621.73	516.466
2010	178	3	KMT2D10.1	1625.931	520.667
2011	179	3	KMT2D10.1	1622.986	517.722
2012	180	3	KMT2D10.1	1627.904	522.64
2013	181	3	KMT2D10.1	1633.494	528.23
2014	182	3	KMT2D10.1	1629.884	524.62
2015	183	3	KMT2D10.1	1624.553	519.289
2016	184	3	KMT2D10.1	1633.306	528.042
2017	185	3	KMT2D10.1	1622.399	517.135
2018	186	3	KMT2D10.1	1625.339	520.075
2019	187	3	KMT2D10.1	1637.286	532.022
2020	188	3	KMT2D10.1	1628.254	522.99
2021	189	3	KMT2D10.1	1639.207	533.943
2022	190	3	KMT2D10.1	1643.591	538.327
2023	191	3	KMT2D10.1	1625.668	520.404
2024	192	3	KMT2D10.1	1626.895	521.631
2025	193	3	KMT2D10.1	1626.277	521.013
2026	194	3	KMT2D10.1	1625.069	519.805
2027	195	3	KMT2D10.1	1626.49	521.226
2028	196	3	KMT2D10.1	1628.485	523.221
2029	197	3	KMT2D10.1	1629.186	523.922
2030	198	3	KMT2D10.1	1641.284	536.02
2031	199	3	KMT2D10.1	1626.614	521.35
2032	200	3	KMT2D10.1	1632.062	526.798
2033	201	3	KMT2D10.1	1633.742	528.478
2034	202	3	KMT2D10.1	1637.748	532.484
2035	203	3	KMT2D10.1	1644.475	539.211
2036	204	3	KMT2D10.1	1651.107	545.843
2037	205	3	KMT2D10.1	1651.427	546.163
2038	206	3	KMT2D10.1	1658.029	552.765
2039	207	3	KMT2D10.1	1652.93	547.666
2040	208	3	KMT2D10.1	1657.576	552.312
2041	209	3	KMT2D10.1	1670.463	565.199
2042	210	3	KMT2D10.1	1673.711	568.447
2043	211	3	KMT2D10.1	1675.428	570.164
2044	212	3	KMT2D10.1	1661.957	556.693
2045	213	3	KMT2D10.1	1648.063	542.799
2046	214	3	KMT2D10.1	1655.19	549.926
2047	215	3	KMT2D10.1	1663.7	558.436
2048	216	3	KMT2D10.1	1667.259	561.995
2049	217	3	KMT2D10.1	1667.998	562.734
2050	218	3	KMT2D10.1	1669.269	564.005
2051	219	3	KMT2D10.1	1666.923	561.659
2052	220	3	KMT2D10.1	1676.019	570.755
2053	221	3	KMT2D10.1	1680.932	575.668
2054	222	3	KMT2D10.1	1678.778	573.514
2055	223	3	KMT2D10.1	1666.598	561.334
2056	224	3	KMT2D10.1	1684.296	579.032
2057	225	3	KMT2D10.1	1676.099	570.835
2058	226	3	KMT2D10.1	1672.679	567.415
2059	227	3	KMT2D10.1	1675.579	570.315
2060	228	3	KMT2D10.1	1665.698	560.434
2061	229	3	KMT2D10.1	1673.075	567.811
